1
2
3
4
5
6
7
8
9
99
89
39
40
32
31
36
33
19
46
98
76
84
83
66
79
72
68
78
80
52
50
70
71
81
85
87
1
67
97
47
42
51
38
41
86
37
69
43
61
48
77
49
54
56
58
63
62
75
12
6
5
10
11
44
16
20
26
2
29
28
23
24
25
27
73
95
34
13
45
7
15
60
17
18
82
59
21
14
88
94
3
4
35
64
65
74
30
96
57
90
91
92
93
22
55
53
190
141
145
103
139
178
176
179
177
175
204
173
174
182
148
183
109
149
199
170
146
126
159
132
211
110
138
193
142
134
135
150
189
158
196
125
119
202
165
163
127
157
191
194
201
121
140
128
122
124
156
137
168
184
164
212
136
161
153
203
105
200
192
107
123
143
104
120
160
111
209
185
171
118
117
116
115
114
181
172
144
101
102
112
210
180
129
130
131
198
197
108
106
186
187
195
206
169
205
113
133
151
100
208
207
167
154
155
152
162
166
147
188
213
214
215
216
217
218
219
220
221
222
223
224
226
227
228
229
230
231
232
233
234
235
236
237
238
239
240
241
242
243
244
245
246
247
248
249
250
251
252
253
254
255
256
257
258
259
260
261
262
263
264
265
266
267
268
269
270
271
272
273
274
311
305
304
301
314
302
310
303
313
306
312
308
307
309
277
278
275
300
290
298
281
296
282
276
297
292
289
291
286
279
285
299
295
280
283
284
294
293
287
288
315
316
317
318
319
320
321
322
323
325
324
326
327
328
329
330
331
332
333
334
335
336
338
339
340
341
342
343
344
345
346
347
1
2
3
4
5
6
7
8
9
10
11
12
13
14
15
17
16
18
19
20
21
22
23
24
25
26
27
28
29
30
31
32
33
34
35
36
37
38
39
40
41
42
43
44
45
46
47
48
49
50
51
52
53
54
55
56
57
58
59
60
61
62
63
64
65
66
67
68
69
70
71
72
73
74
75
76
77
78
79
80
81
82
83
84
85
86
87
88
89
90
91
92
93
94
97
96
95
100
98
99
101
102
103
104
105
106
107
108
109
110
111
112
113
114
115
116
117
118
119
120
121
122
123
124
125
126
127
128
129
130
131
132
133
134
135
136
137
138
139
140
141
142
143
144
145
146
147
148
149
150
155
152
151
153
154
156
157
158
159
160
161
162
163
164
165
166
167
168
169
170
171
172
173
174
175
176
177
178
179
180
181
182
183
184
185
186
187
188
189
190
191
192
193
194
195
196
197
198
199
200
201
202
203
204
205
206
207
208
209
210
211
212
213
214
215
216
217
218
219
220
221
222
223
224
225
226
227
228
229
230
231
232
233
235
236
238
237
234
239
240
241
242
243
244
245
246
247
248
249
250
251
252
253
255
254
256
257
258
259
260
261
262
263
264
265
266
267
268
269
270
271
272
274
273
275
276
277
278
279
280
342
358
331
287
288
303
302
369
301
304
325
341
339
353
344
345
370
292
326
328
294
385
346
357
340
327
362
286
354
307
335
386
313
283
351
343
299
323
296
290
334
329
298
363
317
350
349
361
382
347
378
377
318
374
312
360
332
352
281
306
321
380
384
372
314
284
367
373
333
383
316
368
330
305
366
297
282
376
348
309
289
291
295
371
387
364
365
315
375
300
381
322
379
355
356
320
308
337
310
336
285
324
359
319
338
388
389
390
391
392
393
394
395
396
397
398
399
400
401
402
403
404
405
406
407
408
409
410
411
412
413
414
415
416
417
418
419
420
421
422
423
424
425
426
427
428
429
430
431
432
433
434
435
436
437
438
439
440
441
442
443
444
445
445
445
446
450
455
457
464
458
446
450
455
457
464
450
458
455
446
465
451
450
457
460
455
464
461
465
458
454
457
446
464
450
451
450
458
455
460
446
455
465
461
451
457
465
450
450
455
465
455
457
465
464
457
458
464
446
458
451
446
460
451
461
460
461
450
455
465
457
464
458
446
451
460
461
454
452
459
456
463
448
466
449
447
462
453
467
