5
2
8
12
1
14
7
11
4
13
6
3
10
9
153
155
111
286
138
139
140
73
54
214
192
63
294
293
76
310
309
103
24
119
192
63
294
293
76
310
309
103
24
119
164
165
237
400
122
372
156
97
243
287
169
292
71
104
260
172
61
351
388
276
336
365
289
314
377
401
242
219
151
150
25
316
398
402
231
408
367
200
190
280
387
339
299
390
396
291
259
394
183
171
317
176
74
69
199
278
311
244
263
348
301
368
257
236
166
349
253
255
137
91
159
102
204
65
284
175
230
189
187
87
399
370
371
178
397
406
274
105
108
45
232
355
181
323
333
57
193
152
389
22
62
194
223
352
288
21
409
28
321
359
94
58
70
44
43
376
226
403
20
369
19
273
77
195
75
395
412
135
107
48
149
302
350
182
329
208
224
318
313
246
173
264
177
360
131
330
201
285
356
17
279
275
157
222
168
320
256
363
198
179
353
308
319
324
229
337
364
347
345
295
328
212
92
216
90
132
206
167
407
240
15
86
85
98
49
163
303
66
42
290
411
239
344
39
241
393
227
125
53
116
357
127
26
332
322
251
213
93
191
109
143
141
72
142
220
89
59
60
50
180
128
410
383
123
331
346
341
415
413
124
144
174
343
188
374
373
327
126
47
354
186
228
298
56
55
254
281
203
161
118
64
146
147
145
234
235
296
297
404
249
248
247
414
268
261
133
134
386
185
106
366
325
218
129
215
405
392
391
338
101
100
154
233
300
312
266
306
307
38
334
225
158
184
110
221
130
252
304
305
277
83
148
160
250
335
361
362
358
315
382
384
51
78
29
16
272
95
27
46
99
205
207
381
380
120
238
271
375
136
262
84
378
30
31
33
34
35
88
41
40
37
36
96
67
68
52
269
270
170
245
112
113
340
385
217
117
114
82
81
121
265
80
79
115
379
202
162
282
209
258
283
18
326
23
197
196
211
210
267
342
32
417
418
419
420
421
422
423
424
425
426
427
428
429
430
431
432
433
434
435
436
437
438
439
440
441
442
443
444
445
446
447
448
449
450
451
452
453
454
455
456
457
458
459
460
461
462
463
464
465
466
467
468
469
470
471
472
473
474
475
476
477
478
479
480
482
483
484
485
486
487
488
489
490
491
492
495
497
498
499
500
501
503
502
504
505
506
507
508
509
510
511
513
512
511
514
515
517
518
519
524
521
520
522
523
525
529
527
530
528
531
526
532
533
534
536
535
537
538
539
540
592
686
699
700
698
701
697
692
634
646
673
664
654
683
684
689
690
685
691
644
642
630
619
624
638
623
631
637
633
675
642
630
619
624
638
623
631
637
633
675
682
687
632
622
641
639
635
669
618
670
666
665
668
672
636
620
625
629
658
659
627
661
660
662
647
628
663
649
621
648
653
656
681
671
650
651
652
640
676
655
688
657
680
677
626
679
678
693
696
667
645
643
674
544
602
600
583
562
574
553
547
572
565
564
554
552
543
598
542
606
545
560
609
558
593
556
541
595
550
608
569
563
610
549
567
568
555
575
605
548
570
581
580
604
607
594
579
578
577
584
597
585
551
590
612
613
557
573
571
588
614
617
615
559
589
591
561
566
603
599
546
596
611
586
582
576
587
601
695
728
746
764
772
714
718
713
769
766
729
728
746
764
772
714
718
713
769
766
729
706
751
717
716
727
737
761
736
715
712
723
754
765
767
768
770
803
702
753
745
743
747
744
771
734
730
756
721
742
733
757
773
720
752
762
726
725
705
719
722
738
755
774
724
749
708
731
763
707
740
703
709
710
739
704
711
750
760
759
741
758
748
735
732
823
824
822
821
778
788
781
813
789
800
790
810
779
783
815
782
820
802
801
776
804
792
818
798
819
816
799
795
775
794
811
785
786
793
791
797
809
780
807
817
814
812
796
787
805
808
777
784
806
825
826
827
885
866
847
870
850
846
892
861
875
884
858
856
857
905
895
910
898
894
907
896
911
909
899
848
859
908
868
867
865
903
863
893
876
849
897
852
851
878
880
891
872
879
890
881
873
888
902
869
862
864
901
883
887
904
882
871
874
906
886
877
900
853
889
835
836
830
842
834
833
843
912
860
839
832
840
831
828
838
841
837
845
844
829
913
914
915
916
917
918
919
920
921
922
923
924
925
926
927
928
929
930
931
932
933
935
936
937
938
939
940
941
942
943
944
945
946
947
948
949
950
965
953
966
967
960
954
961
968
958
963
970
957
969
959
951
952
962
955
964
956
972
971
978
977
973
975
974
976
980
979
1002
995
998
996
992
991
997
985
983
982
994
981
1001
1000
987
988
986
984
990
989
999
993
1008
1004
1003
1005
1007
1006
1010
1014
1012
1013
1008
1004
1003
1005
1007
1006
1010
1020
1017
1025
1029
1008
1021
1014
1012
1013
1011
1018
1026
1022
1027
1023
1019
1015
1024
1016
1028
1009
1030
1031
1032
1033
1034
1035
1037
1038
1039
1036
1040
1041
1042
1044
1043
1045
1048
1046
1047
1049
1050
1051
1052
1053
1054
1055
1056
1057
1058
1059
1060
1061
1062
1063
1064
1065
1067
1066
1115
1100
1126
1103
1131
1116
1102
1070
1134
1076
1139
1077
1089
1090
1121
1078
1091
1133
1074
1140
1068
1087
1093
1108
1072
1141
1085
1142
1138
1086
1136
1137
1129
1082
1095
1094
1099
1083
1101
1107
1075
1119
1109
1118
1104
1080
1081
1098
1097
1124
1079
1132
1096
1069
1128
1111
1110
1071
1088
1130
1135
1092
1084
1123
1120
1125
1117
1113
1105
1073
1114
1122
1112
1106
1127
1145
1144
1143
1146
1197
1199
1198
1196
1153
1152
1186
1147
1175
1180
1188
1191
1185
1166
1162
1172
1190
1184
1176
1167
1165
1150
1149
1183
1181
1170
1171
1164
1178
1193
1187
1159
1174
1194
1154
1192
1195
1160
1177
1179
1151
1156
1169
1155
1163
1158
1161
1168
1173
1157
1148
1182
1189
26
14
11
25
24
12
16
3
15
9
10
8
17
18
22
7
4
5
6
20
19
23
1
13
21
2
55
56
54
116
149
33
51
152
36
31
34
29
27
37
35
41
48
47
43
49
53
50
52
150
42
28
98
71
70
86
87
88
69
59
66
64
65
74
73
72
58
82
89
154
46
155
153
151
135
129
147
61
128
132
30
114
67
79
68
78
60
148
144
146
131
145
140
44
45
32
117
57
110
120
97
139
138
96
123
62
83
77
111
81
107
76
106
85
113
108
63
92
93
99
80
104
109
112
118
127
126
125
119
95
75
91
130
90
100
115
136
137
105
103
102
101
94
141
142
143
133
134
84
39
38
40
122
121
124
158
170
159
161
165
163
157
160
156
162
164
167
166
169
168
171
172
173
174
183
184
178
185
177
175
176
181
186
180
182
179
209
208
211
212
213
214
215
210
216
217
209
208
211
212
213
214
215
210
216
225
226
228
227
221
217
223
224
220
219
218
222
195
204
188
189
192
193
194
202
187
200
190
199
201
203
196
205
206
191
207
197
198
230
229
231
231
231
231
231
231
231
231
231
231
231
231
231
231
231
231
231
231
231
231
231
231
231
231
231
231
231
231
231
231
231
231
231
231
231
231
231
231
231
231
231
231
231
231
231
231
231
232
231
231
231
231
231
231
231
231
231
231
231
231
231
231
231
231
231
231
231
231
231
231
231
231
231
231
231
231
231
231
231
231
231
231
231
233
231
231
231
231
231
231
231
231
231
231
231
231
231
231
231
231
231
231
231
231
231
231
231
231
231
231
231
231
231
231
231
231
231
231
231
231
231
231
231
231
231
231
231
231
231
231
231
231
231
231
231
231
231
231
231
231
231
231
231
231
231
231
231
231
231
231
231
231
231
231
231
231
231
231
231
231
231
231
231
231
231
231
231
231
231
231
231
231
231
231
231
231
231
231
231
231
231
231
231
231
231
231
231
231
231
231
231
231
231
231
231
231
231
231
231
231
231
231
231
231
231
231
231
231
231
231
231
231
231
231
231
231
231
231
231
231
231
231
231
231
231
231
231
231
231
231
231
231
231
231
231
231
231
231
231
231
231
231
231
231
231
231
231
231
231
231
231
231
231
231
231
231
231
231
231
231
231
231
231
231
231
231
231
231
231
231
231
231
231
231
231
231
231
231
231
231
231
231
231
231
231
231
231
231
231
231
231
231
231
231
231
231
231
231
231
231
231
231
231
231
231
231
231
231
231
231
231
231
231
231
231
231
231
231
231
231
231
231
231
231
231
231
234
231
231
231
231
231
231
231
231
231
231
231
231
231
231
231
231
235
231
231
231
231
231
231
231
231
231
231
231
231
231
236
231
231
231
231
231
231
231
231
231
231
231
237
231
231
231
231
231
231
231
231
231
231
231
231
231
238
231
231
231
231
231
231
231
239
231
231
231
240
231
231
231
231
231
231
374
376
372
371
370
375
369
373
259
231
387
399
382
401
384
383
390
413
415
231
412
395
414
391
393
405
404
380
394
231
407
409
396
402
400
388
408
392
406
231
386
389
397
403
416
381
385
398
411
231
410
379
377
378
417
418
419
253
337
231
339
325
324
261
347
349
352
353
355
231
356
358
359
362
363
365
326
327
328
231
330
334
336
340
344
346
308
310
311
231
313
315
316
317
318
319
320
321
323
231
283
285
287
277
297
299
300
302
303
231
283
285
287
277
297
299
300
302
303
231
306
305
307
266
252
248
260
368
263
422
421
420
231
264
265
267
271
242
243
423
426
424
428
430
431
429
433
425
434
435
432
436
427
231
246
366
367
281
338
231
333
280
250
276
255
249
298
348
343
231
331
361
244
314
251
270
245
256
345
231
322
309
357
351
278
288
290
342
284
231
286
269
292
262
304
341
350
291
295
231
274
301
247
257
360
289
312
272
354
231
293
294
364
296
332
258
329
275
279
231
273
335
241
268
282
254
231
231
231
231
231
231
231
231
231
231
231
231
231
231
231
231
231
231
231
231
231
231
231
231
231
231
231
231
231
231
231
231
231
231
231
231
231
231
231
231
231
231
231
231
231
231
231
231
231
231
231
231
231
231
231
231
231
231
231
231
231
231
231
231
231
231
231
231
231
231
231
231
231
231
231
231
231
231
231
231
231
231
231
231
231
231
231
231
231
231
231
231
231
231
231
231
231
231
231
231
231
231
231
231
231
231
231
231
231
231
231
231
231
231
231
231
231
231
231
231
231
231
231
231
231
231
231
231
231
231
231
231
231
231
231
231
231
231
231
231
231
231
231
231
231
231
231
231
231
231
231
231
231
231
231
231
231
231
231
231
231
231
231
231
231
231
231
231
231
231
231
231
231
231
231
231
231
231
231
231
231
231
231
231
231
231
231
231
231
231
231
231
231
231
231
231
231
231
231
231
231
231
231
231
231
231
231
231
231
231
231
231
231
231
231
231
231
231
231
231
231
231
231
231
231
231
231
231
231
231
231
231
231
231
231
231
231
231
231
231
231
231
231
231
231
231
231
231
231
231
231
231
231
231
231
231
231
231
231
231
231
231
231
231
231
231
231
231
231
231
231
231
231
231
231
231
231
231
231
231
231
231
231
231
231
231
231
231
231
231
231
231
231
231
231
231
231
231
231
231
231
231
231
231
231
231
231
231
231
231
231
231
231
231
231
231
231
231
231
231
231
231
231
231
231
231
231
231
231
231
231
231
231
231
231
231
231
231
231
231
231
231
231
231
231
231
231
231
231
231
231
231
231
231
231
437
231
231
231
231
231
231
231
438
231
231
231
439
231
231
231
479
480
440
441
490
450
464
460
455
231
443
493
467
463
459
489
466
486
494
231
454
453
461
449
482
448
500
497
468
231
477
474
478
465
446
445
452
458
476
231
528
511
526
522
520
525
521
524
508
231
530
535
541
538
533
540
543
539
537
231
555
558
557
556
553
554
552
547
545
231
560
561
559
562
566
563
567
564
565
231
607
611
577
569
571
570
610
609
608
231
597
598
568
572
605
603
589
587
588
231
591
590
576
606
594
583
585
586
580
231
575
578
582
596
595
604
581
600
579
231
612
584
602
601
599
592
574
573
593
231
617
613
615
614
616
618
499
534
444
451
447
462
502
531
532
503
506
505
501
529
512
510
536
483
475
469
549
472
484
529
512
510
536
483
475
469
549
472
484
492
551
498
548
550
488
515
473
518
519
517
485
513
514
516
544
542
456
495
487
457
471
527
507
442
546
504
509
481
496
470
621
619
620
623
622
626
624
627
625
629
628
632
631
634
633
643
655
647
636
656
657
646
644
650
649
635
642
659
639
661
653
652
660
658
648
640
641
637
654
638
651
663
662
664
665
666
667
668
686
675
672
677
687
682
685
680
681
678
689
684
673
690
671
669
683
679
676
674
670
688
691
692
697
695
696
694
693
699
698
700
701
703
706
702
704
699
707
705
698
708
709
710
711
725
750
719
729
756
720
734
743
754
761
763
713
766
759
718
755
767
715
762
753
717
765
716
727
726
724
757
760
722
735
737
739
731
752
764
738
751
740
732
747
728
721
723
742
746
712
744
741
749
730
733
714
745
736
748
758
831
789
828
774
814
820
777
804
784
819
815
841
823
811
830
806
805
799
794
785
780
779
775
824
808
834
836
837
843
769
821
839
778
833
800
817
825
791
768
773
840
798
827
792
795
788
797
812
786
783
793
826
790
802
835
842
807
838
829
818
832
771
770
801
772
803
822
816
813
782
781
809
810
787
796
776
844
862
861
849
859
860
845
858
846
856
857
847
851
850
848
854
853
855
852
863
938
937
963
911
886
920
955
906
921
922
875
936
958
915
907
968
965
956
952
949
934
930
935
916
923
868
929
866
912
918
913
957
928
932
943
941
925
964
910
940
954
931
864
926
939
962
924
961
897
966
867
945
946
914
898
904
873
896
887
959
874
878
950
933
883
944
891
882
881
893
872
892
902
903
890
899
905
900
879
895
888
876
951
869
877
885
884
894
942
901
870
917
880
969
908
948
947
960
953
865
919
909
967
871
927
889
970
978
981
986
977
974
972
973
971
979
987
983
984
982
975
980
985
976
988
1023
1022
1006
997
1007
1020
1010
996
1000
1016
1005
1004
1017
995
991
992
1001
1021
1011
1013
1003
1012
1002
998
1009
1014
1008
1024
1025
1019
1018
1015
993
994
999
1029
1031
1033
1035
989
1032
1030
1037
1036
1034
1026
990
1038
1027
1028
1039
1040
1047
1050
1055
1069
1071
1059
1076
1074
1043
1052
1042
1078
1063
1058
1062
1045
1044
1075
1073
1061
1070
1053
1054
1056
1064
1060
1065
1057
1049
1046
1068
1048
1067
1072
1077
1051
1066
1079
1080
1081
1082
1083
1101
1096
1093
1105
1099
1087
1092
1084
1098
1094
1103
1095
1085
1086
1102
1104
1106
1089
1091
1097
1090
1088
1100
1107
1108
1110
1111
1112
1113
1114
1115
