1
2
3
4
5
6
7
5
4
6
2
1
3
7
8
10
11
12
13
14
15
16
17
18
19
20
21
22
23
24
25
27
28
29
30
31
32
33
34
35
36
37
38
39
40
41
42
43
44
45
46
47
48
49
50
51
52
53
54
55
56
57
58
59
61
62
63
64
65
66
67
68
69
70
71
72
73
74
75
76
77
78
79
80
81
82
83
85
86
87
88
89
90
91
92
93
94
95
96
97
98
99
100
101
102
103
104
105
106
107
108
109
110
111
112
113
114
115
116
117
118
119
120
121
122
123
124
125
126
127
128
129
130
131
132
133
134
135
136
137
138
139
140
141
142
143
144
145
146
147
148
149
150
151
152
153
154
155
156
157
158
159
160
161
162
163
164
165
166
167
168
169
170
171
172
173
174
175
176
177
178
179
180
181
182
183
184
185
186
187
188
189
190
191
192
193
194
195
196
197
198
198
199
203
204
200
206
202
201
205
210
211
248
207
249
250
242
276
240
265
241
234
259
271
245
233
244
266
261
270
257
260
268
274
264
263
258
275
213
255
262
256
252
253
254
247
230
251
209
239
272
236
237
238
243
231
246
235
273
228
227
226
225
224
223
222
221
220
219
218
216
217
215
214
212
229
269
232
267
208
280
282
278
277
281
279
289
283
285
286
288
287
284
290
291
293
304
331
297
301
334
332
339
327
324
338
306
329
328
322
323
307
305
330
325
333
326
337
309
335
318
312
314
316
315
311
317
313
319
295
292
336
294
308
298
299
321
303
310
296
300
302
320
340
341
342
343
344
345
346
347
348
349
350
351
352
353
354
355
356
357
358
359
360
361
362
363
365
366
367
368
369
370
371
372
373
374
375
376
377
378
379
380
381
382
383
384
385
386
387
404
388
390
396
389
397
394
393
399
408
400
401
407
412
391
414
410
411
395
409
413
392
402
406
415
403
405
398
416
417
421
422
419
423
420
418
426
435
430
424
428
432
433
434
431
427
429
425
436
437
438
439
445
440
447
442
444
443
448
446
441
450
449
451
452
453
454
456
457
458
459
460
461
462
463
467
465
466
468
464
470
469
476
475
474
473
479
480
471
472
478
477
505
504
501
514
503
508
497
496
513
512
502
500
498
495
507
506
510
511
494
509
499
485
490
493
487
476
489
483
475
474
515
473
482
488
479
486
481
484
480
491
471
472
478
492
477
516
517
521
524
520
519
518
522
523
525
526
527
528
529
530
531
532
533
534
535
536
537
538
539
540
541
543
544
545
546
547
548
549
550
551
552
553
554
555
556
557
558
559
560
561
562
563
564
565
566
567
568
569
570
571
572
573
578
577
579
576
575
574
580
581
582
583
584
585
586
587
588
589
590
592
591
593
594
597
596
595
598
599
600
604
603
602
601
605
606
607
608
611
609
610
612
613
614
615
616
620
621
622
617
619
623
618
624
625
626
627
628
629
630
631
632
633
634
636
635
637
638
639
640
641
642
643
644
645
646
647
648
649
651
650
652
653
654
655
656
657
658
659
660
662
663
664
665
666
667
668
669
670
671
672
673
674
675
676
677
678
679
680
681
682
683
684
685
686
687
688
689
690
691
692
693
694
695
696
697
698
699
700
701
702
703
704
705
706
707
708
709
710
711
712
713
714
715
716
717
718
719
720
721
722
723
724
725
726
727
728
729
730
731
732
733
734
735
736
737
738
739
740
741
742
743
744
745
746
747
748
749
750
751
752
753
754
755
756
757
758
759
760
761
762
763
764
765
766
767
768
769
770
771
772
773
774
775
776
777
778
779
780
781
782
783
784
785
786
787
788
789
790
791
792
793
794
795
796
797
798
799
800
801
802
803
804
805
806
807
808
809
810
811
812
813
814
815
816
817
818
819
820
821
822
823
824
825
826
827
828
829
830
831
832
833
834
835
836
837
838
839
840
841
842
843
844
845
846
847
848
849
850
851
852
853
854
855
856
857
858
859
860
861
862
863
864
865
866
867
868
869
870
871
872
874
875
876
877
878
879
880
881
882
883
884
885
886
887
888
889
890
891
892
893
894
895
896
897
898
899
900
901
902
903
904
905
906
907
908
909
910
911
912
913
914
915
916
917
918
919
920
921
922
923
924
925
926
927
928
930
931
932
933
934
935
937
936
938
939
940
941
942
946
944
943
945
947
948
949
950
951
952
953
954
955
956
957
958
959
960
961
962
963
964
965
966
967
968
969
970
971
972
973
974
975
976
977
978
979
980
981
982
983
984
985
986
987
988
989
990
991
992
993
994
995
996
997
998
999
1000
1001
1002
1003
1004
1005
1006
1007
1008
1009
1010
1011
1012
1013
1014
1015
1016
1017
1018
1019
1020
1021
1022
1023
1024
1025
1026
1027
1028
1029
1030
