19
12
13
9
20
23
4
2
11
3
10
1
18
15
6
22
16
5
21
24
17
14
7
8
157
147
156
140
146
130
198
246
248
249
250
245
251
247
229
215
223
222
216
221
218
219
220
225
226
239
227
230
228
232
231
235
240
238
237
241
234
242
243
233
236
253
252
126
209
224
151
159
155
136
86
197
137
98
138
97
199
96
174
95
94
71
87
85
69
65
134
42
116
43
37
61
139
135
117
49
88
36
89
73
72
79
102
100
115
77
99
118
108
35
32
47
109
119
51
60
84
78
45
110
74
120
44
75
62
34
121
93
48
112
33
161
114
105
30
81
29
122
83
101
25
80
162
92
28
56
82
55
59
63
70
54
26
38
39
53
52
64
58
50
31
153
103
57
27
66
41
90
113
68
67
91
107
104
123
40
76
46
111
106
244
154
187
203
181
148
149
172
196
192
200
184
204
193
127
152
163
160
165
185
217
212
186
175
179
210
170
173
188
182
183
191
194
177
150
141
213
195
211
205
207
145
166
144
128
190
201
168
169
143
171
142
129
176
133
202
206
164
158
167
180
189
124
131
208
125
214
264
265
256
255
267
257
263
261
259
258
254
266
262
260
269
270
272
268
271
273
274
277
275
276
279
278
1
6
7
8
9
32
22
20
10
16
19
18
11
17
12
13
14
23
24
5
25
26
29
27
28
30
3
2
39
38
36
37
35
40
34
41
33
31
21
42
43
15
4
46
47
48
45
44
49
50
59
82
72
56
65
69
70
78
80
85
84
75
77
76
83
79
86
51
74
60
64
54
61
63
67
53
55
68
66
62
58
71
73
81
57
52
124
128
144
167
164
134
163
162
161
150
218
201
200
283
229
251
217
297
208
307
199
308
231
197
301
214
240
124
128
253
144
296
167
299
164
287
134
163
288
258
162
250
161
262
150
133
236
261
256
264
129
263
234
104
184
185
237
107
137
233
131
239
130
155
238
159
153
187
194
152
99
196
135
158
170
172
157
143
138
168
139
141
191
174
140
175
113
94
176
97
165
166
110
109
193
117
177
96
142
189
149
146
111
179
190
112
180
156
91
103
160
145
132
192
230
224
151
147
136
122
259
171
260
148
90
120
89
119
102
186
118
125
87
127
183
95
92
115
100
98
205
93
182
195
188
88
108
169
181
105
173
121
126
116
123
178
101
114
154
242
255
235
254
249
106
215
241
268
216
228
227
226
291
302
279
282
298
219
304
290
303
222
223
246
232
247
312
295
278
267
293
311
276
243
281
277
300
284
212
209
286
204
289
220
225
285
213
313
305
310
309
203
266
202
265
211
210
269
273
207
221
292
274
270
248
198
280
272
294
252
275
257
271
306
206
245
244
328
332
326
315
316
334
331
329
333
330
321
320
322
319
323
318
317
325
314
327
324
378
352
379
368
362
335
363
343
353
338
358
341
361
347
346
344
348
364
366
339
367
359
370
340
374
360
369
337
376
349
357
372
375
336
356
350
351
354
365
355
345
380
377
371
373
381
342
387
382
385
386
384
383
388
389
390
391
398
396
405
397
400
404
392
403
399
402
393
401
394
395
408
409
412
411
407
413
406
410
414
416
418
421
417
420
419
415
425
422
426
424
423
427
428
429
430
432
431
434
435
438
436
437
433
439
440
441
442
443
444
445
446
451
448
450
449
447
458
451
452
448
459
462
461
450
449
457
454
464
455
460
463
456
453
447
465
491
479
490
549
478
473
533
468
545
485
493
489
600
599
532
534
509
589
598
587
597
567
566
561
595
570
593
560
592
582
583
586
579
559
572
573
606
575
620
576
568
615
569
580
613
558
578
571
557
495
621
555
617
554
619
550
616
496
584
553
612
618
611
604
603
588
610
551
562
563
609
607
601
602
605
556
487
614
552
596
565
577
591
590
594
585
608
564
581
574
622
623
625
624
488
521
537
524
516
482
483
507
529
527
538
520
539
530
540
469
486
497
494
500
519
548
511
510
514
546
505
508
522
517
518
526
528
512
484
475
531
547
541
543
480
498
481
470
525
535
503
499
477
501
476
471
513
474
536
542
492
502
515
523
466
472
544
467
633
644
643
634
635
641
640
636
642
637
671
673
674
675
676
679
681
667
670
677
672
678
633
644
643
634
635
641
640
636
642
637
639
638
631
645
630
647
649
648
650
652
629
626
655
659
658
657
660
654
661
662
653
656
666
664
665
663
668
646
632
680
669
628
651
627
