1
2
3
4
5
6
7
8
9
10
11
12
13
14
15
16
17
18
19
20
21
22
23
24
25
26
27
28
29
30
31
32
33
34
35
36
37
38
39
40
41
42
43
44
45
46
47
48
49
50
52
54
56
53
59
58
57
60
55
51
61
62
63
64
65
94
93
97
86
89
78
77
95
96
72
87
80
82
83
70
69
84
73
68
81
79
67
98
90
91
76
66
74
75
92
88
85
71
157
116
152
113
120
114
148
134
133
132
131
130
129
143
135
136
137
126
139
119
118
123
121
124
122
125
128
115
127
158
150
155
149
153
151
117
146
154
140
142
144
156
101
102
104
105
103
107
111
110
159
108
106
100
109
141
145
99
112
138
147
160
161
162
163
164
165
166
167
168
170
171
172
173
169
174
175
176
179
178
177
181
182
193
196
192
197
185
183
188
180
186
187
195
184
190
194
191
210
200
205
203
202
198
212
213
209
211
208
199
207
206
204
201
215
214
189
216
217
218
219
220
221
222
223
224
225
226
227
228
229
230
231
232
233
234
235
236
237
238
239
240
241
244
248
249
245
243
246
242
247
250
251
252
253
254
255
256
257
258
259
260
261
262
263
264
265
266
41
31
49
52
32
30
33
34
35
36
37
39
38
42
21
22
18
55
54
23
24
56
26
27
51
15
46
47
16
57
20
19
17
50
48
53
25
14
45
44
43
40
29
3
4
6
7
5
9
12
11
58
8
2
10
1
13
28
59
60
61
62
63
64
65
66
67
68
69
70
71
72
73
74
75
76
77
78
79
80
81
82
83
84
85
86
87
88
89
90
91
92
93
94
95
96
97
98
99
100
101
102
103
104
105
106
109
107
108
110
111
112
116
115
114
113
117
118
119
120
121
122
123
125
124
127
126
128
129
130
131
132
173
176
149
172
139
138
174
175
169
148
142
140
145
134
151
153
167
166
146
135
143
156
165
162
144
141
154
155
157
152
158
164
161
160
159
177
171
137
163
136
170
150
147
133
168
179
181
180
178
182
183
184
185
186
187
188
189
190
191
192
193
194
195
196
197
200
199
198
201
202
203
204
205
206
207
208
209
210
211
212
213
214
215
216
217
218
219
220
221
222
223
224
225
226
227
228
229
230
231
232
233
234
235
236
241
237
236
247
248
244
243
245
242
239
238
246
240
249
250
251
252
253
254
255
256
257
258
259
260
261
262
263
264
265
266
267
268
269
270
271
272
273
274
275
276
277
278
279
280
281
282
283
284
285
286
287
288
289
290
291
292
293
294
295
296
297
298
299
300
301
302
303
304
306
307
318
317
314
315
342
342
308
342
324
342
342
311
348
312
324
310
343
348
324
327
342
324
342
348
324
343
348
327
343
364
327
326
364
362
326
335
362
320
335
320
342
324
342
348
324
343
327
348
364
343
327
364
326
326
362
362
335
335
320
320
342
324
348
343
327
364
326
362
335
320
325
360
340
350
339
347
351
352
353
354
355
357
370
369
338
366
367
368
346
345
361
356
329
330
331
332
333
334
359
321
336
358
341
337
344
363
349
323
328
322
365
306
307
318
317
375
314
315
378
377
376
308
311
379
373
372
312
310
319
316
313
371
381
382
304
309
305
374
380
383
384
385
386
387
388
389
390
391
392
393
394
395
396
397
398
399
400
401
402
403
404
405
407
406
408
409
410
412
411
413
416
415
414
417
418
419
421
420
422
423
424
425
426
427
428
429
432
431
430
433
434
435
436
437
438
439
440
441
442
443
444
445
446
447
448
449
450
451
452
454
453
455
456
457
458
459
460
461
465
463
464
462
466
467
468
469
470
471
472
473
474
475
476
477
478
479
480
481
482
483
484
488
490
492
491
487
486
489
493
485
494
495
496
497
498
499
500
501
502
503
504
505
506
507
508
509
510
511
512
513
514
515
516
517
518
519
520
521
522
523
524
525
526
527
529
531
530
528
532
533
534
535
536
537
539
542
543
540
541
538
544
545
546
553
551
550
552
547
549
555
558
559
557
560
554
556
561
562
563
564
565
566
567
568
570
569
571
572
573
574
575
576
577
578
579
580
581
582
583
584
585
586
587
588
589
590
592
593
594
595
596
597
598
599
600
601
668
665
663
666
602
661
658
667
662
659
603
604
605
606
607
608
609
610
611
612
613
614
615
616
617
618
619
620
621
622
623
624
625
626
627
628
629
630
631
632
633
634
635
636
637
638
639
640
641
642
643
644
645
646
647
648
649
650
651
652
653
654
655
656
660
664
657
