1
2
3
4
5
6
9
20
18
15
21
8
23
16
14
22
19
11
10
24
7
12
13
17
5
25
26
27
28
29
30
32
31
33
34
35
78
55
71
42
85
84
59
51
66
65
47
44
45
56
58
86
50
52
49
62
48
63
69
53
43
57
39
54
70
36
64
38
83
76
79
73
75
82
40
74
41
46
60
80
61
81
68
77
67
37
72
87
88
89
90
91
92
94
95
96
97
98
99
100
101
102
103
104
105
106
107
108
109
110
111
112
113
114
115
116
117
118
119
120
122
123
124
125
126
127
128
129
130
131
132
133
134
135
136
137
138
139
140
141
142
143
144
145
146
147
148
149
150
151
152
153
152
154
155
156
157
158
159
160
161
162
163
164
165
166
167
168
169
170
171
172
173
174
175
176
177
178
179
180
181
182
183
184
185
186
187
188
189
190
191
192
193
194
195
196
197
198
199
200
201
202
203
204
205
206
207
208
209
210
211
212
213
214
215
216
217
218
219
220
221
222
223
224
225
226
227
228
229
230
231
232
233
234
235
236
237
238
239
240
241
242
243
244
245
246
247
248
249
250
251
252
253
254
255
256
257
258
259
260
261
262
263
264
265
266
267
268
269
270
271
272
273
274
275
276
277
278
279
280
281
282
283
284
285
286
287
288
289
290
291
292
293
294
295
296
297
298
299
300
301
302
303
304
305
306
307
308
309
310
311
312
313
314
315
316
317
318
319
320
321
322
323
324
325
326
327
328
329
330
331
332
333
334
335
336
337
338
339
340
341
342
343
344
347
346
345
348
349
350
351
376
355
356
375
357
369
378
366
368
371
365
377
358
353
361
354
381
363
380
382
383
384
385
367
374
379
373
372
370
359
352
360
364
362
387
386
393
392
391
389
390
388
394
398
395
396
397
399
400
404
409
399
400
412
403
405
402
413
406
404
409
399
414
416
400
412
403
405
402
413
406
408
410
411
417
401
407
415
418
413
406
408
410
411
417
401
407
415
419
421
422
420
424
423
425
427
426
428
429
430
431
432
433
434
438
435
441
439
436
440
437
442
451
446
450
453
443
445
449
444
447
448
452
454
455
456
457
458
459
460
461
462
463
464
465
466
467
468
469
470
471
472
473
474
475
476
477
478
479
480
481
482
483
484
485
486
487
488
489
490
491
492
493
494
495
496
497
499
500
501
502
503
504
505
506
507
508
509
510
511
512
513
515
514
516
536
521
519
525
539
542
541
537
532
530
531
520
518
534
533
517
522
529
538
540
528
526
535
524
523
527
543
544
545
546
547
548
549
550
551
552
553
554
555
556
557
558
559
560
561
562
563
564
565
566
567
568
569
570
571
572
573
574
575
576
577
578
579
580
581
582
583
584
585
586
587
588
589
590
591
592
593
597
595
594
596
