21
30
17
24
2
7
11
12
20
28
16
14
25
26
6
4
19
18
27
15
10
9
3
8
29
13
5
1
22
43
45
42
46
35
34
33
31
32
36
40
37
41
39
38
47
51
49
48
50
60
53
54
55
56
61
52
58
59
57
65
66
67
64
63
62
79
90
89
71
72
73
81
74
75
85
88
82
87
78
68
70
69
80
77
83
86
91
84
98
100
92
95
97
96
94
99
93
101
102
103
104
105
106
107
108
109
110
111
112
113
115
116
117
118
119
120
121
122
123
124
125
126
127
129
130
128
132
134
135
131
133
136
137
138
139
140
141
142
143
144
145
146
147
148
149
150
151
152
154
155
156
157
158
159
160
163
164
165
166
168
169
170
171
172
173
174
175
176
177
178
179
180
181
182
184
185
186
187
188
190
189
191
192
193
194
195
196
199
197
198
200
201
202
203
205
206
207
208
209
210
212
213
214
215
216
217
219
220
221
223
224
244
246
248
240
238
236
242
247
241
239
235
249
250
251
243
245
237
234
253
232
231
229
230
226
225
228
227
254
256
257
258
259
260
261
262
263
264
265
266
267
268
269
270
271
272
273
274
275
276
277
284
278
285
284
277
278
280
285
281
277
283
280
279
284
281
282
278
283
286
285
279
277
282
280
287
281
283
284
279
278
282
285
305
277
280
284
278
285
277
280
281
283
279
282
307
284
278
285
277
280
281
283
279
282
307
305
303
300
301
306
298
299
302
314
287
312
311
309
308
310
295
296
288
289
290
286
291
292
293
294
313
319
330
332
333
324
329
331
338
315
326
335
325
322
323
334
328
327
337
320
317
316
321
336
339
340
341
342
343
344
345
346
347
348
351
353
352
349
350
354
355
356
357
359
358
364
363
365
360
366
367
361
362
371
369
368
370
372
376
375
374
373
377
394
380
384
382
397
398
399
400
401
402
404
405
406
407
408
409
410
411
412
413
414
415
416
417
418
419
420
421
422
423
424
425
426
427
428
429
430
431
432
433
434
435
436
437
438
439
440
441
442
443
444
445
446
447
448
449
450
451
452
453
454
456
455
457
458
459
460
461
462
463
464
465
467
468
469
470
471
472
473
474
477
476
475
478
479
480
481
482
