32
25
26
27
34
29
28
30
33
31
35
51
52
47
39
38
42
37
46
44
40
43
50
48
36
49
45
41
1
5
8
3
2
4
7
6
14
24
9
10
11
12
15
18
19
20
17
16
22
21
23
13
217
219
225
237
220
211
222
214
231
234
222
213
210
241
230
232
233
226
212
240
222
221
218
236
223
215
235
245
227
224
222
216
239
229
238
228
207
203
204
199
222
201
198
197
205
206
208
209
196
202
222
200
242
189
73
145
75
70
86
172
222
173
174
178
180
181
182
183
184
185
222
186
187
190
149
150
153
155
157
158
222
159
160
161
169
170
144
129
130
131
222
132
134
135
136
138
139
140
141
142
222
104
105
106
100
96
117
118
120
123
222
124
125
126
127
93
69
71
72
78
222
84
85
87
88
90
91
67
61
62
222
63
64
65
66
192
193
101
77
55
222
175
92
137
152
156
162
194
122
128
222
147
179
133
82
76
177
164
74
121
222
103
116
176
166
165
108
59
81
188
222
60
110
113
115
114
98
146
167
163
222
168
57
97
94
109
112
111
107
154
222
95
56
244
53
89
80
195
171
143
222
151
102
191
243
58
79
99
68
148
222
54
281
271
279
292
276
267
266
273
222
274
282
286
287
285
295
283
278
290
222
289
294
284
270
288
264
268
272
265
222
293
275
277
291
269
280
262
248
261
222
253
254
260
250
252
259
258
251
257
222
255
247
256
249
263
246
222
222
222
222
222
222
222
222
222
222
222
222
222
222
222
222
222
222
222
222
222
222
222
222
222
297
298
296
299
300
301
303
302
222
222
222
222
222
222
222
222
222
222
222
222
222
222
222
222
222
222
222
222
222
222
222
222
222
222
222
222
222
222
222
222
222
222
222
222
222
222
222
222
222
222
222
222
222
222
222
222
222
222
222
222
222
222
222
222
222
222
222
222
222
222
222
222
222
222
222
222
222
222
222
222
222
222
222
222
222
222
222
222
222
222
222
222
222
222
222
222
222
222
222
222
222
222
222
222
222
222
222
222
222
222
222
222
222
222
222
222
222
222
222
222
222
222
222
222
222
222
222
222
222
222
222
222
222
222
222
222
222
222
222
222
222
222
222
222
222
222
222
222
222
222
222
222
222
222
222
222
222
222
222
222
222
222
222
222
222
222
222
222
222
222
222
222
222
222
222
222
222
222
222
222
222
222
222
222
222
222
222
222
222
222
222
222
222
222
222
222
222
222
222
222
222
222
222
222
222
222
222
222
222
222
222
222
222
222
222
222
222
222
222
222
222
222
222
222
222
222
222
222
222
222
222
222
222
222
222
222
222
222
222
222
222
222
222
222
222
222
222
222
222
222
222
222
222
222
222
222
222
222
222
222
222
222
222
222
222
222
222
222
222
222
222
222
222
222
222
222
222
222
304
222
222
222
222
222
222
222
222
222
222
305
222
222
222
222
306
222
222
222
222
222
222
307
222
222
222
222
222
308
222
222
222
222
222
222
222
222
222
222
222
222
222
222
222
222
222
222
222
222
222
222
222
222
222
222
222
222
222
222
222
222
222
222
222
222
222
222
222
222
222
222
309
222
222
222
222
222
222
222
222
222
222
222
222
222
222
222
222
222
222
310
222
222
222
222
222
222
222
222
222
222
222
222
222
222
222
222
222
222
222
222
222
222
222
222
222
222
222
222
222
222
222
222
222
222
222
222
222
222
222
222
222
222
222
222
222
222
222
222
222
222
222
222
222
222
222
222
222
222
222
222
222
222
222
222
222
311
222
222
222
222
222
222
222
222
222
222
222
222
222
222
312
222
222
222
222
222
222
222
313
222
222
222
222
222
314
222
222
222
222
222
222
222
222
222
222
222
222
222
222
222
222
222
222
222
222
222
222
222
222
222
222
222
222
222
222
222
222
222
222
222
222
222
222
222
222
222
222
222
222
222
222
222
222
222
222
222
222
222
222
222
222
222
222
222
222
222
222
222
222
222
222
222
222
222
222
222
222
222
222
222
222
222
222
222
222
222
222
222
222
222
222
222
222
222
222
222
222
222
222
222
222
222
222
222
222
222
222
222
222
222
222
222
222
222
222
222
222
222
222
222
222
222
222
222
222
222
222
222
315
222
222
222
222
222
222
222
222
222
222
222
222
222
222
222
222
222
222
222
222
222
222
222
222
222
222
222
222
222
222
222
222
222
222
222
222
222
222
222
222
222
222
222
222
222
222
222
222
222
222
222
222
222
222
222
222
222
222
222
222
222
222
222
222
222
222
222
222
222
222
222
222
222
222
222
222
222
222
222
222
222
222
222
222
222
222
222
222
222
222
222
222
222
222
222
222
222
222
222
222
222
222
222
222
222
222
222
222
222
222
222
222
222
222
222
222
222
222
222
222
316
222
317
222
222
222
222
222
222
222
222
318
222
222
222
222
222
222
222
222
222
319
222
222
222
222
222
222
222
222
222
222
222
222
222
222
222
222
222
222
222
222
222
222
222
222
222
222
222
222
222
222
222
222
222
222
222
222
222
222
222
222
320
222
222
222
222
222
222
222
222
321
222
222
222
222
222
322
222
222
222
222
222
222
222
222
222
222
222
222
323
222
222
222
222
324
222
222
222
222
222
222
222
222
222
222
222
325
222
222
222
222
222
326
222
222
222
327
222
222
222
222
222
222
328
222
222
329
222
330
222
222
222
222
222
222
331
222
222
222
222
222
222
222
222
222
222
222
222
222
222
222
222
222
222
222
222
222
332
222
222
222
222
222
222
222
222
333
222
222
222
222
222
222
222
222
222
334
222
222
222
222
335
222
222
222
222
222
222
222
222
222
222
222
222
222
222
222
222
222
336
222
222
222
222
222
337
222
222
222
338
222
222
222
222
222
222
222
222
222
222
222
222
222
222
339
222
222
222
222
222
222
340
222
222
341
222
222
342
222
222
222
222
222
222
222
222
222
222
222
222
222
222
222
222
222
343
222
222
222
222
222
222
222
222
222
222
222
222
222
222
222
222
222
222
222
222
222
222
222
222
222
222
222
222
222
222
222
222
222
222
222
222
222
222
222
222
222
222
222
222
222
222
222
222
222
222
222
344
222
222
222
222
222
222
222
222
222
222
222
222
222
222
222
222
222
222
222
222
222
222
222
222
222
222
222
222
222
222
222
222
222
222
222
222
222
222
222
222
345
222
222
222
222
222
222
222
222
222
222
222
222
222
222
222
222
222
222
222
222
222
222
222
222
222
222
222
222
222
222
222
222
346
222
222
222
222
222
222
222
222
222
222
222
347
222
222
222
222
222
222
222
222
222
222
222
222
222
222
222
222
222
222
222
222
222
222
222
222
222
222
222
222
222
348
222
222
222
222
222
222
222
222
222
222
222
222
222
222
222
222
222
222
222
222
222
222
222
222
222
349
222
222
222
222
222
222
222
222
222
222
222
222
222
222
350
222
222
222
222
222
222
222
222
222
222
222
222
222
222
222
222
222
222
222
222
222
222
222
222
222
222
222
222
222
222
222
222
222
222
222
222
222
222
222
222
222
222
222
222
222
222
222
222
222
222
222
222
222
222
222
222
222
222
222
222
222
222
222
222
222
222
222
222
222
222
222
222
222
222
222
222
222
222
222
222
222
222
222
222
222
222
222
222
351
222
222
222
222
222
222
352
222
222
222
222
222
222
222
222
222
353
222
222
222
222
222
222
222
222
222
354
222
222
222
222
222
222
222
222
355
222
222
222
222
222
222
222
222
222
222
222
222
222
222
222
222
222
222
222
222
222
222
222
222
222
222
222
222
222
356
222
222
222
222
357
222
222
222
222
222
222
222
222
222
222
222
222
222
222
222
222
222
222
222
222
222
222
222
222
222
222
222
222
222
222
222
222
222
222
222
222
222
222
222
222
222
222
222
222
222
222
222
222
222
222
222
222
222
222
222
222
222
222
222
222
222
222
222
222
222
222
222
222
222
222
222
222
222
222
222
222
222
222
358
222
222
222
222
222
222
222
222
359
222
222
222
222
222
222
222
222
222
222
222
222
222
222
222
222
222
222
222
222
222
222
222
222
222
360
222
222
222
222
222
222
222
222
222
222
222
222
222
222
222
222
222
222
222
222
222
222
222
222
222
222
222
222
222
222
222
222
222
361
222
222
222
222
222
222
222
222
222
222
222
222
222
362
222
222
222
222
222
222
222
222
222
222
222
222
222
222
363
222
222
222
222
222
222
222
222
364
222
222
222
222
222
365
222
222
222
222
222
222
366
222
222
222
222
222
222
222
222
222
367
222
222
222
222
222
222
222
222
222
222
222
368
222
222
222
222
222
222
222
222
222
222
222
222
222
222
222
222
369
222
222
222
222
222
222
222
222
222
370
222
222
222
222
222
222
222
222
222
222
222
222
222
222
371
222
222
222
222
222
222
222
222
222
222
222
222
222
222
222
222
222
222
222
222
222
222
222
222
222
435
446
432
429
431
418
413
416
419
222
424
426
417
423
422
414
427
448
411
222
412
442
451
428
453
415
444
421
440
222
445
433
436
441
443
450
434
420
449
222
437
438
430
439
425
447
452
394
373
222
390
389
409
381
400
382
403
404
391
222
397
401
396
372
387
380
393
398
383
222
469
464
467
466
468
474
476
475
471
222
473
472
465
463
462
455
470
458
454
222
457
459
461
456
460
477
397
401
396
222
457
459
461
456
460
477
397
401
396
222
372
387
380
393
398
383
386
374
385
222
406
408
407
379
410
378
388
376
377
222
375
402
392
399
384
405
395
222
222
222
222
222
222
222
222
222
222
222
222
222
222
222
222
222
222
222
222
222
222
222
222
222
222
222
222
222
222
222
222
222
222
222
222
222
222
222
222
222
222
222
222
222
222
222
222
222
222
222
222
222
222
222
222
222
222
222
222
222
222
222
222
222
222
222
222
222
222
222
222
222
222
222
222
222
478
222
222
222
222
479
222
479
222
222
222
222
492
491
484
494
493
490
481
483
486
222
485
480
487
488
482
489
222
222
222
222
222
222
222
222
222
222
222
222
222
222
222
222
222
495
222
222
222
222
222
222
222
222
222
222
222
222
222
222
222
222
222
222
222
222
222
222
222
222
222
222
222
222
222
222
222
222
222
222
222
222
496
222
222
222
222
222
222
222
222
222
222
222
222
222
222
222
222
222
222
222
222
222
222
222
222
222
222
222
222
222
222
222
222
222
222
222
222
222
222
222
222
222
222
222
222
222
222
222
222
222
222
222
222
222
222
222
222
222
222
222
222
497
222
506
507
505
501
508
499
511
222
506
507
513
505
515
501
508
499
511
222
222
222
506
540
506
506
532
540
517
222
222
222
222
506
506
222
540
506
506
540
532
540
532
517
540
532
517
523
532
517
523
507
517
523
507
513
523
507
522
513
507
505
513
522
513
522
505
522
505
505
222
506
540
222
532
506
222
222
517
540
523
506
506
540
540
507
532
532
532
513
517
517
517
522
523
523
507
507
513
513
523
522
522
507
513
522
505
505
505
505
222
506
540
532
517
523
507
513
581
522
505
518
549
526
537
539
515
501
529
533
543
545
546
551
524
552
542
508
520
530
499
548
511
498
531
538
504
503
541
497
528
500
502
544
550
514
547
527
521
509
525
519
512
516
534
535
536
510
582
559
553
571
562
564
565
577
556
560
578
557
583
555
563
561
573
575
576
567
558
569
629
652
600
622
598
644
618
631
584
588
646
634
640
636
637
592
595
639
590
583
589
638
593
647
649
648
635
633
594
608
626
645
609
603
632
628
621
620
585
586
650
616
619
627
605
614
651
612
606
624
623
643
613
610
596
630
642
604
607
615
599
641
611
625
602
617
601
587
666
665
660
663
555
653
659
597
658
657
563
661
561
573
575
576
567
558
569
570
655
662
664
654
579
554
580
574
656
566
667
668
669
670
671
672
674
678
673
679
675
676
677
680
681
682
683
684
685
686
697
690
695
694
693
688
691
689
687
696
699
692
698
703
708
702
709
700
701
706
704
707
705
710
714
715
713
712
711
716
717
740
718
723
722
721
754
749
719
763
762
720
745
743
733
739
732
728
730
748
736
757
735
744
755
734
746
738
756
731
751
742
750
747
727
761
729
726
737
759
758
764
725
753
760
724
752
741
785
786
789
791
765
774
775
769
792
782
793
780
768
776
766
779
787
773
772
781
767
778
784
777
770
788
771
783
790
796
808
803
816
817
811
810
797
795
804
800
802
812
809
807
806
794
801
805
814
815
799
813
798
841
840
842
818
823
832
822
825
820
821
843
838
827
819
837
830
835
824
828
833
839
829
831
836
834
826
844
847
852
849
859
848
858
857
850
846
845
853
856
855
851
854
863
866
862
864
868
860
867
865
869
861
870
871
872
873
874
875
876
877
884
888
883
880
890
895
886
882
889
885
881
891
894
893
896
887
878
879
892
897
898
899
900
901
916
915
914
913
909
904
906
910
905
903
902
911
912
908
907
917
918
919
