1
18
23
30
6
9
8
12
26
4
21
17
14
7
11
22
28
2
3
20
15
29
5
13
19
10
27
24
25
31
41
40
36
34
32
45
39
38
44
43
42
33
35
37
46
47
85
80
59
48
77
64
94
83
52
55
49
56
51
78
76
74
103
90
53
70
67
68
69
73
79
81
72
102
61
66
63
75
50
71
93
100
101
89
86
91
92
65
84
60
87
58
95
88
54
99
98
97
96
62
57
104
82
105
106
107
108
109
110
290
169
238
288
183
153
212
156
131
150
193
272
187
227
224
160
170
171
246
254
247
255
248
129
223
219
125
136
148
287
157
117
241
162
263
264
213
274
137
199
201
211
191
292
242
244
245
116
114
115
159
278
279
280
121
175
291
134
124
296
276
277
141
140
139
123
122
237
258
147
293
273
120
119
118
198
240
229
265
289
185
249
184
214
218
217
186
299
194
208
207
260
259
173
266
270
190
128
126
161
182
294
231
228
230
143
243
146
145
144
284
235
111
164
151
149
192
206
166
165
261
209
176
298
300
285
268
163
215
130
221
257
275
179
196
234
251
250
203
216
127
256
297
282
174
232
197
158
189
204
154
286
138
222
195
283
180
181
142
188
205
133
152
233
135
202
167
168
262
239
271
172
267
112
226
178
236
295
200
252
301
155
210
281
177
220
132
113
269
225
253
302
303
304
305
315
339
354
345
343
318
321
341
350
353
314
323
375
317
308
309
356
326
327
329
330
333
337
340
378
352
331
322
313
370
311
319
379
324
320
306
307
367
376
377
364
332
355
310
359
360
349
335
347
351
358
373
346
361
365
372
371
312
338
325
336
334
342
362
363
366
368
316
344
328
357
369
374
348
380
381
382
383
407
439
386
405
413
430
442
437
427
444
446
388
421
425
449
406
393
438
426
389
400
401
431
415
402
404
397
418
412
408
420
419
447
387
385
435
428
433
432
443
414
452
390
399
429
448
422
450
410
445
384
434
403
391
394
436
411
395
453
416
409
417
424
392
423
441
440
396
398
451
454
455
456
457
458
467
502
469
461
475
460
459
465
474
473
471
468
482
503
462
466
489
477
464
476
483
496
478
491
495
490
472
501
470
488
480
497
494
493
485
492
500
481
487
484
479
486
463
499
498
1
35
21
33
17
30
19
34
32
28
15
14
39
45
25
23
18
6
12
11
10
24
27
29
43
13
58
56
4
61
2
57
8
60
55
31
50
44
16
9
26
7
3
47
59
5
46
22
53
41
42
52
36
49
48
54
37
38
40
20
51
62
63
64
66
72
74
77
75
78
82
67
65
76
71
70
80
73
69
83
79
68
81
84
85
86
87
88
89
90
91
92
93
94
95
96
97
98
99
100
101
102
103
104
105
106
107
108
109
110
111
112
113
114
115
116
117
118
119
120
121
122
123
124
125
126
127
128
129
130
131
132
133
134
135
136
137
138
139
140
141
142
143
144
145
146
147
148
149
150
151
152
153
154
155
156
157
158
159
160
161
162
185
212
200
164
170
223
226
218
216
195
229
230
231
196
217
207
204
165
191
189
188
186
171
172
167
163
234
237
238
179
201
205
174
235
176
232
211
210
208
193
228
182
224
194
181
190
166
177
187
222
180
175
219
168
183
203
199
215
206
197
214
225
202
213
227
198
233
236
239
184
192
220
178
221
209
173
243
302
252
301
328
299
283
270
240
362
281
392
347
277
332
375
278
274
279
307
312
311
294
308
322
326
304
306
329
327
320
321
317
314
400
325
377
355
382
379
253
287
275
390
372
330
339
397
293
303
340
316
313
391
315
342
244
370
345
247
336
378
371
344
331
384
338
318
272
305
246
285
356
349
348
251
376
300
333
334
365
361
309
393
386
389
335
383
388
324
358
337
298
262
296
263
268
261
271
273
366
267
269
265
255
396
319
297
368
286
295
310
250
357
249
394
385
257
399
323
363
245
256
374
360
380
254
398
373
353
266
364
354
282
260
276
395
350
369
248
241
258
259
264
381
242
341
351
280
387
284
292
359
432
434
410
488
485
463
455
436
456
424
465
445
447
439
467
475
482
490
492
459
461
468
470
471
425
414
431
454
412
418
426
427
450
453
433
452
422
449
440
421
416
423
401
402
413
415
435
441
494
460
473
474
469
442
457
446
411
430
403
483
464
451
444
484
408
409
466
420
437
462
481
404
493
480
406
443
405
407
477
478
438
489
428
429
476
458
479
491
487
417
472
486
419
448
3
2
5
10
8
11
7
9
12
6
4
1
26
23
25
22
21
13
15
16
19
17
18
20
14
24
47
49
48
50
57
45
46
52
53
54
55
51
56
40
29
28
30
27
39
36
41
43
33
38
44
35
31
32
37
42
34
83
84
82
81
92
89
91
88
90
96
95
93
94
87
86
97
85
77
76
75
74
72
78
71
80
73
70
79
67
69
68
61
58
59
63
65
66
60
62
64
129
135
132
127
133
134
138
130
131
136
137
128
144
141
150
148
147
146
142
140
139
143
145
99
116
117
119
121
120
122
125
101
100
124
123
126
115
98
104
105
106
107
108
109
110
111
112
113
114
102
103
151
152
153
154
155
156
157
158
159
160
178
165
163
162
177
161
164
176
166
171
172
174
169
173
170
168
167
175
179
180
181
182
181
182
183
181
182
183
181
184
184
182
183
181
186
197
187
188
190
189
184
196
185
182
186
197
187
188
190
189
184
196
185
182
193
194
195
191
192
183
181
212
203
206
193
194
195
191
192
183
181
212
203
206
213
209
210
205
220
199
202
211
200
217
207
198
204
201
208
216
214
221
215
218
219
223
222
224
225
226
229
227
228
230
231
232
233
234
235
236
237
238
239
240
241
242
243
244
245
246
247
248
249
250
251
252
253
254
255
256
257
258
259
260
261
262
263
264
265
266
267
268
269
270
271
272
273
274
275
276
277
278
279
280
281
282
283
284
285
286
287
288
289
290
291
292
293
294
295
296
297
298
299
