1
2
4
3
5
6
7
8
9
10
12
11
13
217
218
215
415
416
383
89
81
129
391
184
485
334
181
662
273
702
122
346
375
632
695
569
53
395
300
403
212
503
539
305
41
374
301
446
494
38
313
451
636
128
309
171
283
253
384
83
70
443
661
154
634
30
199
36
78
90
51
52
72
73
304
24
320
445
29
56
33
42
641
586
252
124
581
254
487
675
477
206
243
54
629
247
562
259
230
102
583
167
585
205
190
203
179
380
393
390
177
604
216
522
577
462
339
680
630
204
473
420
417
419
408
409
260
263
262
261
269
98
94
595
597
598
600
601
519
518
694
589
588
14
15
19
118
373
584
379
50
616
617
618
677
678
97
109
211
348
701
622
398
396
378
93
372
369
321
479
434
229
611
612
614
615
337
333
312
310
311
88
127
207
208
502
500
540
626
558
625
40
352
349
342
428
421
458
267
265
264
91
82
148
151
135
525
524
523
521
520
27
432
450
202
461
674
239
241
115
200
282
71
316
224
158
557
104
34
324
323
317
153
222
495
397
482
107
161
469
467
96
116
139
225
575
452
440
281
280
279
278
231
234
125
257
546
552
219
117
233
667
466
465
464
460
457
671
673
672
343
663
572
143
110
418
435
326
318
357
538
99
329
422
376
670
501
613
668
266
162
341
507
544
195
23
490
413
198
513
476
256
157
201
25
187
463
365
236
497
679
250
108
593
627
152
176
76
240
220
449
86
689
441
95
554
297
293
295
294
296
284
292
299
392
642
470
232
381
371
623
368
367
366
400
399
389
388
387
386
385
382
370
624
85
84
69
590
553
541
542
543
545
471
242
159
698
448
456
455
454
453
499
423
427
424
410
431
574
271
121
114
603
605
606
682
683
26
44
165
621
664
681
607
608
609
610
340
355
356
354
210
183
555
123
120
103
537
536
535
534
530
197
194
191
565
573
559
560
561
548
550
274
276
272
472
166
620
160
498
483
496
481
430
426
414
692
691
223
436
442
438
684
685
686
591
592
48
39
690
411
412
429
439
437
353
214
68
45
594
249
258
238
237
351
172
213
149
676
699
697
696
580
277
619
358
402
638
640
639
163
164
517
516
515
514
512
579
578
576
331
330
328
338
130
131
133
134
169
635
631
633
327
308
307
335
336
170
178
180
126
511
510
506
505
504
185
186
37
20
433
66
288
286
289
285
287
298
290
404
28
79
291
144
21
508
55
18
17
16
64
564
43
488
444
447
61
484
377
22
60
111
35
1824
1877
1823
1822
1819
1820
1818
1821
1816
1837
1931
1817
1838
1863
1862
1860
1859
1875
1925
1924
1923
1922
1920
1868
1867
1885
1884
1882
1852
1851
1850
1866
1865
1930
1928
1927
1926
1835
1834
1833
1832
1849
1893
1891
1890
1889
1888
1847
1846
1845
1844
1843
1941
1935
1934
1933
1932
1886
1906
1905
1904
1903
1830
1829
1902
1901
1900
1898
1895
1913
1912
1911
1910
1909
1858
1857
1856
1855
1853
1881
1879
1878
1876
1894
1936
1915
1831
1892
1880
1840
1929
1870
1864
1861
1842
1883
1899
1848
1940
1908
1887
1921
1828
1827
1825
1841
1839
1896
1897
1937
1938
1939
1874
1873
1872
1871
1869
1919
1918
1917
1916
1914
1907
1836
1854
1826
2479
2480
2481
2482
1967
2301
1971
2307
2308
2540
2053
2043
2283
2086
2544
2545
2356
2607
2344
2498
2258
2259
2542
2450
2403
2323
2325
1965
1942
2014
2126
2169
2502
2343
2354
2069
2021
1984
1986
1968
2449
2119
2395
2244
2243
2256
2236
1948
2392
2260
2285
1952
2016
1966
2390
2566
2440
2261
2430
2570
2153
2548
2097
2117
2206
2227
2416
2127
2425
2046
2262
2493
2509
2386
2389
2380
2338
2495
2418
2417
2150
2148
2339
2612
2012
2585
2591
2588
2589
2590
1949
2277
2491
2604
2151
2027
2162
2490
2536
2598
2614
2601
2487
2551
2511
2451
2146
2113
2074
2411
2078
2077
2412
2405
2409
2410
2079
2466
2252
2250
2247
2246
2245
2108
2175
2535
2299
2025
2351
2531
2606
2534
2350
2072
2397
2376
2373
2378
2379
2116
2190
2462
2137
2135
2165
2164
2048
2049
2050
2473
2423
1958
2532
2505
1946
2371
2435
2167
2166
2197
2196
2195
2217
2220
2186
2187
2177
2431
2192
2316
2578
2582
2400
2224
2129
2145
2144
2142
2139
2093
2080
2051
2054
2058
2486
2488
2489
2465
2472
2549
2609
2559
2555
2324
2298
2296
1972
1975
1964
1963
2271
2272
1944
1945
1943
2207
2208
2485
2470
2237
2235
2234
2353
2365
2364
2363
2516
2517
2510
2056
2193
2160
1956
1957
1959
2358
2357
2266
2352
2583
2413
2269
2248
2251
2095
2094
2106
2105
2103
2438
2439
2414
2420
2571
2573
2611
2212
2368
2114
2560
2563
2263
2264
2265
2284
2180
2181
2182
2185
2155
2553
2209
2496
2478
2336
2057
2565
2568
2282
2280
2011
2003
2158
2159
2161
2149
2595
2603
2538
2584
2501
2587
2594
2253
2254
2255
2463
2249
2101
2100
2131
2130
2110
2115
2081
2084
2422
2424
2453
2454
2457
2533
2210
2024
2335
2494
2002
2007
1993
1994
1992
2226
2229
2369
2370
2221
2147
2600
2340
2107
2035
2506
2562
2194
2569
1970
2367
2099
2446
2355
1985
2060
2156
2218
2332
2191
2546
2586
1947
2052
2215
2337
2530
2157
2305
2468
2455
2564
2561
2154
2610
2178
2312
2290
2408
2061
1991
2064
2504
2202
2163
2031
2383
2004
2436
1960
2321
2419
2143
2001
2552
2360
2597
2257
2085
2083
2484
2428
2593
2404
2452
2211
2577
2303
2317
1980
2526
2459
2188
2000
1999
1998
1997
1988
2121
2123
2124
2125
2602
2267
2055
2033
2037
2036
2042
2041
2381
2382
2384
2385
2547
2331
2333
2469
2176
2174
2173
2168
2213
2214
2216
2377
2329
2326
2225
2330
2406
2407
2028
2032
2554
2513
2514
2515
1951
2297
2295
2294
2059
2507
1962
1961
2372
2348
2349
2539
2541
2518
2519
2520
2521
1989
1990
1979
1981
1983
2311
2334
2306
2309
2314
2613
2276
2268
2474
2040
2039
2071
2070
2022
2015
2429
2432
2433
2434
2437
2458
2273
2067
2065
2062
2034
2096
2497
2558
2528
2529
1987
1976
1977
2304
2274
2275
2278
2270
2574
2575
2152
2120
2279
2112
2576
2580
2581
2347
2447
2319
2320
2322
1978
1969
2460
2448
2483
2017
2133
2289
2205
2204
2018
1950
2239
2241
2359
2240
2503
2441
2391
2396
2499
2082
2512
2421
2233
2567
2104
2288
2287
2179
2596
2471
2599
2063
2415
2242
2608
2128
2092
2375
2374
2013
2605
2228
2118
2134
2141
2550
2009
2010
2023
2388
2318
2477
2398
2399
2005
2006
2543
1955
1954
1953
2045
2088
2087
2171
2172
2111
2286
2029
2030
2068
2342
2341
2492
2500
2038
2467
2198
2203
2199
2200
2201
2300
2066
2579
2464
2291
2293
2401
2109
2090
2522
2523
2524
2525
2527
2310
2091
2230
2327
2328
2427
2184
2183
2019
2475
2345
2346
2223
2222
1973
1974
2098
2281
2508
2044
2132
2442
2443
2444
2361
2362
2189
2366
2456
2402
2075
2076
2231
2232
2556
2557
2315
2292
2476
2102
1995
1996
2302
2089
2461
2592
2313
2219
2026
2020
2537
2008
2445
2238
2138
2073
2140
2387
2393
2394
2170
2122
1982
2572
2136
2426
2047
394
65
571
568
570
173
174
156
486
59
63
401
58
57
566
480
660
628
193
192
347
255
491
492
493
168
688
474
509
221
175
478
669
46
47
567
188
92
665
189
306
489
49
142
425
251
145
270
332
666
87
182
146
344
345
549
77
150
551
74
75
137
405
406
407
226
227
228
62
359
361
364
360
362
100
101
132
196
363
113
119
563
244
245
246
350
637
319
67
547
527
528
529
531
532
533
526
582
136
587
652
322
31
32
325
248
141
556
468
643
644
645
646
647
648
649
650
651
653
654
655
656
657
658
659
475
596
147
112
602
314
315
599
140
235
105
209
302
303
693
459
700
275
155
687
106
80
138
268
948
1186
1188
754
804
1288
767
1281
828
845
1040
1150
1394
1409
1595
1458
842
1476
1107
1529
1530
1184
1051
1503
848
1541
892
1202
1275
906
901
818
907
816
810
887
893
888
904
883
894
814
897
895
896
898
803
800
880
914
881
834
899
882
885
825
824
1295
812
915
820
879
917
836
925
1585
1385
1006
1004
1007
837
1592
1219
1411
1413
1568
1026
1016
1008
1014
1032
1049
1041
1581
1043
863
1027
1017
1117
1118
1225
1521
952
1115
878
902
1131
1423
874
1286
833
1194
1114
805
1408
1425
1424
1421
1412
1418
1420
1569
1315
1434
1342
865
1605
1451
831
997
1122
1517
921
1489
1463
1435
1289
1297
1077
1234
1400
1447
1365
1379
1035
1350
1382
1283
1578
1088
1099
1255
1183
1378
909
1439
852
1291
1359
908
851
946
847
1307
1231
1226
1147
956
1036
1092
1044
996
957
1216
1217
1222
1223
1201
1148
1285
962
1454
1481
1532
1243
1480
1514
856
1548
981
1033
1405
1144
1354
1047
1238
1208
1209
1204
1206
1212
1046
1015
854
974
822
1371
1338
1341
963
1531
1487
1152
1175
1455
1494
1552
1351
1232
1466
1224
1113
1500
913
1335
862
876
1287
1443
1227
1474
953
1179
1021
1475
1550
1571
1518
1491
1020
947
1440
975
1337
1029
949
1442
1401
1495
927
930
1009
943
1037
1543
1522
1523
1525
1478
1109
1185
944
1235
1192
1348
911
1375
817
1547
1387
1080
1306
1178
1504
1453
910
1505
960
1497
1583
919
1367
1438
987
994
1357
990
986
1499
1553
1512
1524
1501
969
973
1104
1106
1205
1510
1005
1174
1018
1537
945
1362
1448
1493
1526
1516
1554
1555
1369
1024
1506
1256
1355
929
1511
1282
1273
1050
1079
958
964
1410
1576
1073
1456
1076
1221
1399
1284
1197
1111
1196
985
1301
1457
1198
999
1053
1038
1242
1257
1464
1137
1001
1536
1370
1363
1381
1496
933
1102
1584
1340
1477
1258
1304
875
1465
858
1498
1280
1028
1311
1361
1395
1364
1436
877
922
1538
939
938
937
936
932
928
926
1229
1236
1606
1607
1492
1502
1527
965
978
1176
1119
1534
1591
1556
1575
1019
1245
1528
1427
1358
1398
1374
1339
1380
1349
1572
1593
1598
1602
1402
1485
1271
1488
1265
1025
1138
1343
1145
1140
920
1103
1052
1535
1200
1220
1218
970
1100
1143
980
1191
1110
1189
846
870
1540
1190
1300
1149
1473
959
1586
1573
1580
1432
1564
1302
979
1392
1460
1603
1600
1582
1587
954
1484
1396
1544
1482
1260
1187
1248
1146
1199
1566
1565
1549
1570
971
1486
961
1002
995
1180
1437
1366
1023
1022
1599
1383
1034
1081
1133
1096
1249
1230
983
1298
1228
1520
864
1045
1134
1087
1013
1608
968
1542
1237
1250
1252
1091
1086
1469
1459
1470
1391
1105
1471
1515
1261
955
1345
1193
1483
1490
1393
1177
1259
1120
1290
1468
1384
1303
841
839
838
844
1062
1244
857
905
1347
827
802
1441
1444
1446
1090
1403
1431
1428
1372
1360
1452
1406
1415
1422
1509
1507
1461
890
709
1003
1181
1182
1011
1108
1551
1010
891
889
733
712
1142
727
729
722
719
1101
1129
713
716
718
724
1467
1272
715
721
900
819
1098
711
1141
1574
723
991
1417
1085
1416
1433
720
1173
1136
1559
873
1078
1135
1132
1048
1084
1414
843
1519
1430
1426
1373
886
1579
1419
1274
1558
1567
1264
1112
1388
1012
1082
1246
984
1165
871
1589
859
860
1563
1588
1308
1313
1356
1293
1292
832
884
1124
1123
1336
1270
830
1397
1368
1299
1130
1031
1314
801
1390
1195
950
1095
1162
1167
861
993
708
1239
740
1067
746
744
1063
747
753
794
796
982
758
756
1042
751
1060
771
750
749
748
773
765
766
774
775
772
1056
1055
780
781
777
779
783
1054
776
795
798
793
739
741
742
1069
743
1070
745
789
757
755
782
785
797
786
787
1061
784
763
790
759
762
791
792
760
788
764
761
1128
706
707
714
730
734
732
737
735
1267
821
823
1253
1508
923
1233
918
935
976
977
1479
940
1539
942
725
1151
1168
1472
736
799
1389
703
704
1093
1344
1294
850
941
853
1170
1066
1116
1059
752
1251
1546
738
717
1269
1074
1323
1321
1324
1316
1318
1320
1322
1331
1332
1310
1312
1330
1327
1328
1317
1326
1305
1309
1319
1125
872
1561
1562
1171
1153
768
769
770
826
1325
1513
726
1268
1172
1262
1263
1329
1333
1334
1596
813
1594
1039
1241
1164
1247
1240
731
1601
806
807
808
809
811
1577
1604
1445
1210
989
840
1296
835
1254
1462
1203
1215
1121
1089
1545
1533
705
1075
1276
1278
1277
1279
1000
710
1346
1266
1557
1560
855
951
1139
1068
1407
1429
972
1156
1155
1154
1450
1161
1169
992
988
903
1094
829
778
1213
1097
1166
1163
1590
867
1597
1064
866
998
1057
916
1207
815
1386
966
967
1377
1376
1083
1157
1159
1158
1160
1404
849
1449
1072
1071
869
1127
1126
1352
1353
728
1030
912
1058
868
1211
1214
1065
934
931
924
1812
1659
1794
1668
1658
1691
1808
1747
1640
1676
1677
1689
1694
1769
1693
1702
1719
1782
1733
1652
1746
1774
1760
1778
1616
1727
1722
1664
1643
1798
1688
1752
1807
1743
1791
1755
1745
1754
1742
1637
1641
1717
1632
1622
1645
1723
1744
1675
1639
1726
1647
1708
1736
1701
1623
1758
1725
1721
1712
1660
1740
1654
1809
1634
1699
1680
1681
1730
1657
1670
1650
1620
1715
1763
1775
1768
1784
1771
1813
1734
1705
1737
1612
1684
1714
1686
1636
1687
1669
1802
1781
1661
1800
1796
1732
1648
1748
1716
1728
1667
1738
1644
1697
1709
1656
1628
1695
1674
1750
1682
1613
1678
1627
1638
1624
1662
1663
1724
1776
1749
1764
1757
1710
1666
1696
1618
1773
1621
1649
1617
1679
1690
1683
1765
1777
1785
1642
1793
1789
1706
1707
1770
1762
1772
1767
1739
1609
1685
1614
1630
1619
1790
1629
1633
1811
1792
1810
1806
1753
1611
1651
1665
1713
1698
1625
1700
1655
1759
1779
1610
1672
1741
1729
1704
1761
1766
1751
1804
1797
1799
1711
1801
1756
1720
1718
1805
1795
1803
1703
1631
1646
1788
1731
1787
1783
1635
1626
1653
1671
1673
1735
1615
1692
1780
1786
2615
2616
1814
1815
2620
2618
2617
2619
2621
2622
2624
2626
2625
2627
2623
2637
2638
2635
2633
2634
2632
2628
2636
2639
2631
2629
2630
2640
2641
2642
2643
2644
2646
2647
2645
2649
2648
2651
2653
2654
2655
2650
2652
21
10
14
39
4
7
13
8
34
12
3
29
6
20
28
24
25
16
30
1
23
32
38
15
37
31
2
27
35
41
22
26
42
11
33
19
18
36
17
5
40
9
72
50
43
47
65
74
63
64
51
45
66
62
56
46
58
48
67
78
71
61
73
75
76
70
68
55
52
77
57
69
60
53
49
54
59
44
81
80
79
82
84
86
85
88
87
83
89
90
94
91
92
93
95
123
121
98
102
138
184
177
183
104
167
150
158
135
131
132
136
129
122
141
128
137
164
168
180
157
179
163
161
166
103
99
100
145
106
125
133
107
119
117
114
108
105
101
182
115
130
142
116
139
185
189
181
173
134
109
120
191
190
188
151
153
152
147
148
149
144
146
154
155
178
172
175
186
96
97
187
111
140
124
176
110
169
159
170
171
174
165
162
160
156
126
127
143
118
112
113
252
241
240
233
206
212
209
202
216
227
211
207
210
228
214
192
234
237
226
201
203
204
236
223
208
215
242
229
245
248
244
247
246
251
230
249
196
197
198
195
221
225
222
194
220
193
200
218
217
224
232
199
205
238
239
243
219
213
250
231
235
300
309
310
306
289
279
278
253
308
277
275
273
272
280
276
271
270
266
286
287
284
290
283
261
281
285
288
282
307
298
292
255
259
263
264
265
267
295
291
296
293
294
297
299
301
302
303
304
305
268
269
260
257
262
254
274
256
258
311
313
312
327
322
324
328
323
325
317
316
315
326
318
321
319
320
314
329
330
356
360
357
355
337
351
339
346
348
358
340
341
336
349
347
333
335
334
344
342
359
354
350
332
353
352
331
345
343
338
373
361
362
367
364
363
366
371
370
369
368
365
372
374
384
377
386
383
381
378
376
380
382
379
375
385
387
390
392
393
397
391
388
394
389
395
396
400
401
399
398
402
403
405
408
407
406
404
409
410
415
418
413
414
419
411
417
416
412
420
421
423
425
422
424
426
427
428
429
430
440
431
438
439
436
437
434
432
433
435
458
459
463
456
441
472
451
455
449
448
460
447
452
442
445
443
444
454
453
467
446
469
468
462
457
465
461
471
466
450
464
470
473
484
488
483
486
487
475
482
490
474
481
476
480
478
477
489
479
485
492
503
505
504
502
494
501
491
495
519
506
497
507
500
498
499
509
493
508
510
511
512
513
514
515
516
517
518
496
528
527
532
525
529
531
530
524
523
521
520
522
526
533
540
547
537
538
535
536
549
550
548
551
544
541
539
534
543
542
546
545
569
584
583
571
570
557
560
558
554
562
556
576
553
567
552
575
555
561
582
580
564
581
568
572
573
574
559
566
577
578
579
563
565
588
591
589
586
587
585
595
594
590
592
593
603
600
598
612
606
609
613
617
619
597
615
605
610
616
608
607
596
614
599
604
618
621
620
602
611
601
651
645
633
648
643
652
656
642
634
637
626
641
640
622
627
657
625
624
623
629
653
655
630
649
647
654
650
646
638
631
644
636
632
639
628
635
664
669
661
659
665
667
666
671
660
662
668
670
663
672
673
658
716
683
714
693
682
718
679
703
727
707
711
717
695
696
675
686
729
689
709
680
713
687
720
688
694
674
728
678
706
719
702
701
685
722
710
677
723
724
725
726
698
676
704
705
684
691
699
721
700
681
708
715
690
697
712
692
743
736
734
733
740
739
741
737
742
735
732
730
731
738
750
751
762
753
760
756
755
754
745
746
747
759
758
757
749
744
752
748
761
763
764
791
792
765
772
770
771
778
766
767
768
769
773
774
779
775
780
781
776
777
783
784
785
782
787
786
789
788
790
800
816
806
802
820
794
793
798
804
805
811
815
817
818
807
801
796
813
795
809
808
797
812
810
814
799
819
803
842
841
839
857
840
852
849
845
846
848
847
850
853
854
844
843
831
830
829
828
835
826
833
834
827
836
823
856
838
824
858
859
832
825
837
822
855
821
851
887
871
888
881
882
873
885
884
886
872
876
874
875
878
877
879
880
883
889
862
861
863
864
869
870
867
868
866
860
865
895
897
898
903
896
902
906
893
894
914
901
908
907
913
890
891
900
904
905
912
911
910
917
916
892
915
899
909
932
926
921
933
936
929
931
930
920
923
927
935
928
918
919
922
925
934
924
957
942
956
955
953
945
939
940
937
938
951
954
941
944
946
947
948
949
950
952
943
962
958
963
970
959
960
966
964
967
968
971
961
969
965
980
977
978
972
973
974
976
975
981
979
995
993
984
986
987
988
992
991
996
982
994
983
989
990
985
1015
997
1006
1010
1003
1001
999
1000
1008
1004
1005
1012
1013
1014
1002
1011
1016
1007
1009
998
1031
1044
1040
1035
1023
1024
1037
1041
1042
1039
1017
1029
1034
1038
1047
1020
1036
1021
1027
1026
1022
1045
1028
1033
1032
1043
1025
1046
1048
1018
1019
1049
1050
1030
1065
1063
1052
1056
1061
1058
1057
1059
1064
1060
1051
1066
1054
1053
1055
1067
1062
1068
1079
1077
1075
1070
1069
1072
1071
1074
1073
1078
1076
1080
1082
1083
1081
1084
1085
1094
1120
1107
1090
1113
1099
1104
1105
1110
1114
1123
1088
1118
1092
1116
1106
1089
1121
1086
1102
1122
1091
1115
1101
1087
1097
1093
1108
1103
1117
1119
1124
1109
1100
1126
1096
1125
1098
1095
1112
1111
1170
1153
1138
1142
1149
1148
1147
1155
1127
1162
1135
1146
1145
1160
1161
1165
1168
1134
1163
1166
1129
1152
1139
1169
1154
1143
1137
1157
1136
1130
1158
1141
1167
1164
1133
1140
1128
1144
1131
1150
1151
1156
1159
1132
1171
1177
1210
1172
1209
1199
1192
1191
1206
1193
1194
1185
1173
1215
1196
1178
1201
1198
1180
1190
1181
1182
1212
1188
1187
1179
1186
1214
1189
1197
1205
1174
1204
1175
1176
1183
1208
1207
1195
1200
1211
1213
1202
1203
1184
1228
1223
1217
1220
1219
1230
1225
1218
1222
1226
1221
1216
1224
1229
1227
1245
1240
1241
1232
1236
1238
1237
1246
1242
1243
1231
1233
1234
1235
1239
1244
1249
1248
1257
1255
1256
1253
1252
1247
1254
1258
1251
1250
1279
1261
1263
1278
1269
1268
1262
1260
1277
1265
1264
1259
1266
1273
1274
1275
1270
1276
1267
1271
1272
1285
1283
1295
1297
1287
1288
1282
1280
1291
1292
1296
1284
1293
1281
1286
1294
1289
1290
1323
1336
1335
1337
1339
1316
1334
1319
1327
1318
1326
1325
1340
1324
1321
1320
1310
1328
1329
1332
1331
1322
1338
1330
1314
1313
1312
1305
1315
1306
1333
1317
1302
1301
1304
1300
1309
1311
1299
1303
1308
1307
1298
1349
1360
1361
1353
1354
1352
1342
1343
1355
1346
1348
1347
1359
1362
1356
1364
1350
1357
1351
1344
1341
1358
1363
1345
1368
1377
1374
1365
1378
1375
1379
1371
1376
1367
1366
1380
1369
1373
1370
1372
1386
1390
1387
1383
1385
1391
1395
1381
1393
1388
1384
1394
1396
1389
1382
1392
1397
1410
1412
1406
1409
1400
1398
1401
1408
1405
1404
1403
1399
1411
1402
1407
1421
1420
1415
1419
1425
1414
1416
1424
1423
1413
1422
1417
1418
1444
1431
1447
1448
1440
1463
1443
1437
1452
1446
1427
1457
1456
1455
1458
1442
1435
1449
1433
1460
1436
1454
1450
1462
1453
1439
1426
1459
1445
1451
1428
1434
1429
1438
1461
1432
1441
1430
1468
1469
1473
1479
1485
1470
1476
1471
1475
1481
1480
1472
1477
1474
1478
1467
1484
1482
1466
1464
1483
1465
1499
1503
1496
1498
1489
1509
1519
1512
1500
1514
1515
1507
1508
1502
1491
1506
1493
1490
1494
1501
1492
1511
1516
1495
1513
1488
1518
1486
1521
1517
1504
1505
1520
1487
1510
1497
1529
1532
1525
1526
1531
1536
1535
1530
1533
1523
1524
1522
1534
1528
1527
1540
1539
1538
1545
1543
1537
1542
1544
1549
1550
1548
1547
1541
1546
1551
1554
1560
1561
1552
1558
1555
1562
1564
1563
1556
1553
1559
1557
1583
1577
1569
1578
1580
1574
1587
1565
1584
1570
1568
1586
1571
1572
1585
1581
1575
1582
1567
1590
1599
1592
1593
1591
1588
1589
1579
1576
1566
1595
1596
1598
1600
1601
1602
1573
1597
1594
1603
1605
1604
1606
1607
1608
1664
1680
1705
1619
1620
1634
1633
1715
1632
1635
1655
1662
1661
1676
1667
1669
1689
1700
1656
1710
1703
1697
1670
1678
1660
1657
1685
1691
1609
1618
1677
1638
1712
1698
1646
1614
1672
1666
1630
1653
1629
1625
1706
1707
1709
1686
1650
1674
1673
1684
1626
1668
1693
1690
1640
1695
1645
1683
1711
1714
1612
1716
1651
1692
1622
1642
1647
1615
1628
1613
1713
1624
1649
1663
1708
1637
1616
1701
1717
1702
1671
1643
1621
1623
1704
1681
1699
1610
1687
1688
1648
1696
1631
1627
1652
1694
1675
1679
1636
1639
1659
1644
1665
1617
1654
1682
1641
1658
1611
1770
1718
1761
1756
1748
1760
1753
1736
1766
1751
1724
1733
1762
1737
1721
1758
1743
1749
1741
1738
1740
1763
1752
1723
1765
1755
1720
1746
1729
1732
1725
1726
1728
1730
1731
1727
1722
1744
1745
1747
1754
1719
1759
1750
1742
1757
1734
1767
1764
1739
1771
1768
1735
1769
1774
1776
1773
1775
1772
1777
1778
1790
1835
1831
1832
1813
1820
1788
1787
1797
1782
1793
1848
1780
1827
1840
1784
1791
1794
1792
1842
1811
1829
1809
1838
1816
1836
1830
1833
1821
1826
1825
1843
1803
1801
1785
1845
1779
1802
1837
1844
1812
1834
1819
1806
1823
1817
1783
1799
1847
1804
1808
1841
1815
1807
1781
1839
1822
1824
1795
1805
1798
1789
1800
1786
1796
1814
1810
1846
1828
1818
1849
1850
1851
1853
1876
1884
1887
1865
1885
1860
1883
1893
1875
1880
1881
1862
1888
1882
1886
1858
1878
1857
1869
1861
1872
1890
1866
1854
1859
1852
1877
1868
1889
1867
1879
1874
1870
1892
1871
1856
1891
1855
1873
1864
1894
1863
1910
1907
1896
1900
1908
1898
1909
1901
1899
1895
1903
1904
1911
1902
1897
1905
1912
1906
1929
1928
1930
1932
1924
1925
1923
1926
1922
1921
1919
1918
1917
1915
1914
1913
1934
1933
1920
1935
1936
1937
1927
1931
1916
1938
1939
1948
1944
1941
1940
1942
1946
1947
1945
1949
1943
1959
1958
1950
1951
1952
1954
1955
1956
1960
1961
1957
1953
1962
1963
1966
1964
1965
1967
1968
1969
1971
1978
1970
1973
1977
1979
1975
1976
1974
1972
1981
1982
1983
1980
1984
1991
1988
1989
1987
1986
1990
1985
1992
1993
1994
1995
1996
1997
1998
2003
2002
2000
2001
1999
2005
2004
2006
2008
2010
2011
2007
2009
2013
2012
2014
2015
2033
2021
2018
2023
2039
2027
2026
2034
2016
2022
2017
2029
2040
2024
2028
2025
2020
2035
2036
2037
2038
2032
2030
2019
2041
2031
2042
2044
2047
2046
2045
2043
2049
2048
2051
2050
2052
2062
2063
2060
2058
2059
2057
2053
2061
2064
2056
2065
2054
2055
2066
2067
2068
2069
2071
2070
2072
2073
2074
2076
2075
2077
2078
2079
2082
2082
2082
2082
2082
2081
2256
2256
2219
2256
2223
2219
2231
2223
2081
2217
2219
2080
2231
2218
2256
2223
2219
2256
2217
2256
2256
2219
2256
2256
2227
2256
2219
2256
2256
2231
2219
2081
2223
2219
2080
2218
2256
2219
2223
2231
2256
2217
2256
2219
2218
2219
2223
2227
2231
2223
2231
2232
2217
2217
2220
2218
2218
2228
22272227

2232
2220
2228
2232
2220
2228
2256
2219
2223
2231
2217
2218
2227
2232
2220
2228
2229
2226
2215
2214
2224
2222
2221
2225
2230
2212
2216
2213
2233
2254
2242
2248
2253
2247
2243
2245
2236
2241
2244
2238
2251
2250
2246
2249
2235
2237
2255
2239
2234
2240
2252
2257
2082
2081
2080
2101
2084
2094
2105
2091
2099
2092
2100
2107
2111
2087
2096
2104
2088
2114
2085
2117
2124
2112
2108
2093
2126
2110
2115
2086
2089
2128
2118
2102
2106
2123
2098
2113
2095
2119
2120
2121
2127
2109
2122
2090
2125
2097
2083
2116
2103
2163
2159
2167
2143
2130
2145
2137
2156
2166
2150
2140
2141
2165
2131
2152
2142
2158
2133
2138
2153
2134
2136
2162
2151
2132
2144
2154
2147
2139
2155
2149
2168
2164
2148
2161
2146
2135
2129
2160
2157
2190
2175
2181
2188
2184
2203
2170
2187
2177
2202
2198
2199
2194
2189
2205
2201
2196
2192
2183
2178
2172
2169
2209
2197
2191
2206
2200
2185
2180
2171
2182
2174
2208
2179
2173
2211
2186
2207
2176
2210
2195
2193
2204
2261
2265
2262
2264
2260
2259
2263
2258
2268
2271
2269
2280
2274
2272
2270
2276
2266
2275
2273
2267
2279
2278
2277
2285
2283
2291
2287
2286
2281
2293
2282
2290
2284
2300
2298
2289
2294
2301
2302
2303
2304
2288
2299
2295
2292
2297
2296
2306
2311
2316
2308
2317
2313
2312
2310
2305
2307
2315
2314
2319
2318
2309
2325
2323
2326
2324
2327
2321
2322
2320
2328
2329
2332
2330
2331
2333
2335
2336
2334
2338
2337
2339
2340
2342
2341
2343
2344
2345
2348
2346
2347
2358
2355
2356
2353
2351
2350
2352
2349
2359
2361
2354
2357
2360
2363
2362
2374
2365
2364
2375
2376
2366
2367
2377
2371
2368
2370
2372
2369
2373
2378
2386
2382
2387
2385
2380
2379
2381
2383
2384
2388
2389
2390
2391
2393
2394
2396
2395
2392
2397
2398
2400
2399
2406
2436
2423
2410
2411
2418
2407
2408
2414
2409
2419
2420
2413
2416
2421
2405
2415
2404
2402
2403
2417
2412
2425
2426
2427
2424
2422
2429
2428
2431
2432
2434
2435
2437
2438
2401
2433
2430
2439
2440
2441
2442
2443
2445
2444
2456
2460
2458
2457
2454
2453
2455
2452
2446
2447
2451
2449
2450
2448
2459
2463
2462
2461
2464
2465
2466
2467
2469
2468
2470
2479
2472
2471
2476
2477
2478
2475
2480
2481
2474
2473
2484
2483
2485
2482
2488
2486
2487
2490
2491
2493
2489
2492
2496
2494
2495
2497
2498
2500
2499
2502
2501
2503
2504
2509
2506
2511
2508
2505
2510
2507
2512
2513
2530
2527
2528
2520
2521
2529
2525
2514
2515
2518
2519
2517
2524
2526
2522
2523
2516
2541
2532
2539
2537
2533
2534
2536
2538
2535
2540
2531
2542
2547
2546
2548
2549
2543
2545
2544
2550
2552
2551
2558
2559
2554
2556
2555
2557
2553
2565
2563
2562
2564
2561
2560
2568
2567
2575
2574
2573
2570
2572
2571
2569
2566
2576
2577
2578
2579
2580
2581
2582
2589
2584
2587
2588
2586
2583
2585
2590
2630
2622
2634
2628
2624
2596
2625
2595
2594
2632
2593
2592
2591
2620
2613
2636
2626
2621
2614
2631
2645
2600
2598
2612
2597
2615
2605
2606
2616
2607
2617
2618
2609
2611
2619
2599
2623
2633
2601
2610
2604
2602
2608
2603
2635
2629
2627
2639
2641
2642
2643
2640
2638
2644
2637
2649
2647
2646
2648
2650
2651
2653
2655
2654
2656
2652
2661
2666
2664
2662
2659
2667
2657
2665
2660
2658
2668
2663
2669
2670
2673
2676
2680
2678
2671
2679
2674
2677
2675
2672
