1
2
3
4
5
6
7
8
9
10
11
12
13
14
15
16
17
18
19
20
21
22
23
66
76
63
82
83
84
79
78
85
77
52
54
55
58
59
60
56
45
51
50
48
47
46
49
53
61
90
43
36
39
30
27
28
41
38
33
34
44
25
88
91
23
24
26
40
42
37
32
31
35
29
67
70
65
86
71
73
81
64
72
87
80
74
68
62
92
93
94
95
96
97
98
99
100
101
102
103
104
105
106
107
108
109
110
112
111
115
113
116
114
117
118
119
120
121
122
123
125
124
126
130
128
129
127
131
132
133
134
135
136
137
138
139
140
141
142
143
144
149
154
151
153
147
148
146
145
150
198
187
188
184
182
207
209
195
176
193
208
168
178
177
175
174
180
179
191
194
205
206
211
189
202
185
204
183
212
203
196
200
201
210
197
190
199
181
192
160
155
163
166
159
165
156
161
164
157
162
167
158
170
169
172
173
171
246
257
261
242
248
238
241
240
252
249
255
243
253
260
258
256
237
239
254
247
251
245
259
250
244
229
230
219
235
231
223
234
232
224
217
221
213
218
220
225
222
215
214
227
233
226
236
216
228
282
306
292
269
267
312
309
271
281
280
308
307
294
270
275
288
304
310
262
265
273
268
274
286
296
297
263
276
278
293
302
301
299
311
300
291
298
313
314
305
303
277
284
285
279
290
287
266
283
289
295
272
264
315
316
336
322
330
317
319
318
323
328
346
339
347
343
320
329
327
321
348
345
344
341
325
350
349
332
331
342
333
353
351
334
325
350
349
332
331
342
333
353
351
334
338
326
340
337
324
335
354
352
355
359
357
356
358
360
362
363
361
446
425
482
463
412
421
398
419
462
417
375
397
458
484
460
491
490
428
408
409
488
487
369
452
435
433
370
395
385
407
388
371
456
474
367
453
441
440
383
382
374
387
415
466
465
389
400
480
479
402
493
459
372
396
418
451
486
481
489
434
364
485
455
492
470
472
464
448
406
450
467
386
405
413
422
457
432
431
445
461
391
483
429
469
494
473
399
478
423
373
438
392
444
380
416
427
420
394
436
376
476
477
437
426
411
430
443
410
424
439
381
442
449
475
454
390
377
414
384
378
379
403
404
393
366
471
468
368
447
401
365
513
521
512
524
548
551
552
546
545
566
574
557
550
549
500
507
547
560
558
569
570
571
563
498
501
576
542
527
578
539
575
579
531
572
497
561
523
496
540
538
535
526
536
553
562
520
529
567
517
502
514
508
556
555
509
510
511
499
515
568
543
533
532
528
522
506
525
518
554
544
503
504
534
505
519
530
577
541
564
516
537
573
495
559
565
585
589
670
673
629
635
588
594
664
683
626
580
595
606
587
581
694
671
603
608
609
607
679
665
600
669
583
602
667
677
672
681
698
697
610
695
696
676
593
682
675
582
680
692
616
618
620
623
621
622
619
611
615
614
612
613
617
684
597
666
591
624
592
689
678
661
658
650
659
648
640
654
645
642
641
663
656
644
649
652
660
647
653
639
646
655
662
657
643
651
586
596
601
688
605
604
687
584
598
638
630
632
686
628
599
631
690
691
693
590
634
633
637
627
685
668
674
636
625
732
727
729
721
710
718
709
722
699
715
719
703
705
738
714
702
725
723
706
734
711
736
712
708
717
728
716
713
720
724
701
704
733
707
700
737
735
726
731
730
