1
384
569
572
436
411
9
10
69
67
425
426
423
568
703
704
501
537
536
680
300
318
721
509
563
434
466
635
252
351
629
57
561
60
471
473
474
398
700
439
608
427
407
491
184
632
132
539
605
645
659
556
674
498
714
626
516
484
716
549
692
468
386
391
546
683
646
660
723
652
709
470
486
688
523
623
475
345
654
617
693
590
335
540
308
309
310
311
313
312
315
316
324
325
326
327
328
329
330
366
331
332
593
571
455
718
603
409
314
694
647
706
453
390
340
684
640
672
607
600
712
642
587
370
341
378
420
619
586
382
492
513
542
337
616
500
544
437
372
376
611
270
673
342
467
497
365
618
464
271
292
291
290
288
287
285
284
283
281
280
279
278
277
276
275
274
273
272
199
156
198
197
196
194
193
192
191
189
188
187
185
183
182
181
180
179
177
176
175
173
172
171
170
169
168
166
165
164
163
162
160
159
158
157
681
665
657
641
388
606
602
363
503
653
511
699
336
583
707
349
395
401
691
493
489
711
432
650
573
581
550
529
510
487
588
454
664
343
441
508
495
696
702
456
418
594
582
557
512
347
431
186
517
481
584
697
502
576
527
649
410
638
442
666
690
715
580
362
483
499
518
532
396
393
348
514
445
591
383
479
435
377
443
658
551
728
257
258
307
306
304
303
302
301
299
298
297
296
295
294
293
269
268
267
266
265
264
263
262
261
260
259
720
461
648
631
203
205
206
207
208
209
210
211
212
213
214
215
216
217
218
219
220
221
222
223
224
225
226
227
228
229
230
231
232
233
234
235
237
238
239
240
241
242
245
246
247
248
249
250
251
253
254
255
256
320
319
321
322
323
317
585
670
601
598
13
12
11
6
5
2
155
154
153
152
151
150
149
148
147
146
145
144
143
142
141
140
138
137
136
135
134
133
131
130
129
128
123
119
118
117
116
115
114
110
109
108
107
105
100
98
97
96
95
94
92
91
89
88
87
86
85
80
79
78
77
76
75
74
73
72
71
68
65
61
59
56
55
54
53
51
50
49
46
45
44
42
39
38
35
33
32
30
31
29
27
26
25
24
23
22
21
20
19
18
17
16
15
14
604
575
560
624
368
667
713
592
421
403
352
488
482
589
399
669
519
405
564
496
548
346
58
663
636
361
394
578
637
415
374
397
651
450
355
373
350
353
597
457
478
385
634
99
686
465
448
717
644
558
469
334
727
633
344
459
379
675
679
356
545
609
621
705
369
579
282
161
708
494
639
599
339
204
526
178
286
627
661
195
531
615
387
190
682
698
354
530
90
722
414
417
490
47
48
695
515
404
402
628
622
668
446
567
333
547
400
64
687
710
505
428
367
371
438
504
643
565
533
124
125
126
127
701
360
359
358
357
422
40
460
413
408
689
36
380
381
676
463
462
81
82
83
662
3
4
364
541
444
440
174
243
244
458
389
476
477
28
528
167
543
731
730
577
84
630
729
66
559
520
521
522
7
8
724
725
726
677
678
685
595
596
305
574
93
424
671
392
620
289
719
34
236
655
656
201
200
447
416
111
112
113
485
338
406
202
625
412
419
429
52
430
433
554
555
553
506
507
120
121
122
375
610
534
535
538
41
101
102
103
104
106
552
43
70
451
452
449
524
525
566
570
472
562
612
613
614
139
480
37
62
63
732
733
734
735
736
737
738
739
740
741
742
743
744
745
746
747
748
749
750
751
752
753
754
755
756
757
758
759
760
761
762
763
764
765
766
767
768
769
770
771
772
773
774
775
776
777
778
1074
1075
1076
1077
1078
1079
1081
1082
1083
1084
1085
1086
1087
1088
1089
1090
1091
1092
1093
1094
1095
1096
1097
1098
1099
1100
1101
1102
1103
1104
1105
1106
1107
1108
1109
1110
1111
1112
1113
1114
1115
1116
1117
1118
1119
1120
1121
1122
1123
1125
1126
1127
1128
1129
1130
1131
1132
1133
1080
902
903
904
905
906
907
908
909
910
911
912
913
914
915
916
917
918
919
920
921
922
923
924
925
926
927
1055
1056
1057
1058
1059
1060
1061
1062
1063
1064
1065
1066
1067
1068
1069
820
821
822
823
824
825
826
827
828
829
830
831
832
833
834
835
836
837
838
839
840
841
842
843
844
845
846
847
848
849
850
851
852
853
854
855
856
857
858
859
860
816
817
818
819
779
780
781
782
783
784
785
786
818
819
779
780
781
782
783
784
785
786
787
788
789
790
791
792
793
794
795
796
797
798
799
800
801
802
803
804
805
806
807
808
809
810
811
812
813
814
815
861
862
863
864
865
866
867
868
869
870
871
872
873
874
875
876
877
878
879
880
881
882
883
884
885
886
887
888
889
890
891
892
893
894
895
896
897
898
899
900
901
1070
1071
1072
1073
1124
954
955
956
957
958
959
960
961
962
963
964
965
966
967
968
969
970
933
934
935
936
937
938
939
940
941
942
943
944
945
946
947
948
949
950
951
952
953
971
1011
1012
1013
1014
1015
1016
1017
1018
1019
1020
1021
1022
1023
1024
1025
1026
1027
1028
1029
1030
1031
1032
1035
1036
1037
1038
1039
1040
1041
1042
1043
1044
1045
1046
1047
1048
1049
1050
1051
972
973
974
975
976
977
978
979
980
981
982
983
984
985
986
987
988
989
990
991
992
993
994
995
996
997
998
989
990
991
992
993
994
995
996
997
998
999
1000
1001
1002
1003
1004
1005
1006
1007
1008
1009
1010
1052
1053
1054
928
929
930
931
932
1034
1034
1034
1034
1034
1034
1034
1034
1034
1034
1034
1034
1034
1034
1034
1034
1034
2
2
2
2
2
2
1050
640
1083
564
816
720
1071
773
1073
858
1056
878
770
381
885
1074
672
779
625
867
1031
393
28
801
845
114
658
657
853
122
111
139
379
572
487
543
608
632
729
1089
902
649
727
908
809
167
917
169
852
676
362
1028
154
144
810
1012
1091
933
912
709
755
1069
876
578
723
529
961
682
478
698
165
1077
1029
1018
951
1007
1051
1054
1087
596
784
666
482
521
504
768
530
153
385
544
370
757
498
517
358
745
758
168
382
573
751
510
375
647
475
789
670
501
765
160
598
157
590
597
384
701
690
158
387
604
148
667
490
166
152
146
141
613
143
151
767
665
793
732
540
149
142
656
798
735
579
509
587
161
748
749
747
514
730
697
150
870
814
813
815
1043
1046
1047
952
1034
1066
962
977
1020
947
1078
1055
1088
881
1057
1045
1024
1049
790
899
996
995
829
886
894
936
926
567
800
711
787
839
708
571
766
575
750
513
633
718
395
396
35
62
54
761
515
119
136
2
7
18
89
21
88
91
92
79
24
100
103
42
398
542
400
609
80
906
736
399
53
65
782
783
626
652
888
397
401
971
8
942
66
50
688
686
687
927
990
44
104
51
93
539
616
15
63
1052
1037
850
394
410
47
820
407
1053
68
416
422
14
12
71
950
373
954
70
38
799
420
585
171
415
409
408
406
403
404
402
423
425
417
414
82
418
562
561
6
43
116
40
20
39
60
58
419
94
413
126
743
742
64
563
110
844
17
421
713
834
824
823
86
106
389
9
11
10
986
72
132
374
29
511
512
405
61
752
753
754
125
479
890
889
580
582
388
84
788
976
147
893
957
444
828
827
642
554
555
553
856
774
775
776
98
69
903
1000
1002
1001
1003
484
964
965
90
610
581
907
4
105
112
618
998
946
624
377
497
463
462
461
460
459
443
442
441
440
439
707
704
706
705
109
466
467
468
469
471
472
594
134
133
108
135
85
470
87
1059
97
973
636
357
113
360
970
81
559
1040
1041
693
131
465
432
438
428
124
32
429
436
426
117
695
48
435
838
430
434
59
102
764
25
26
987
930
932
1061
1062
1063
1064
781
13
67
831
832
1070
5
702
380
974
835
836
837
115
424
795
663
1080
431
433
464
130
684
953
981
366
367
524
525
526
527
528
545
547
548
549
550
551
552
714
715
696
546
662
523
630
49
780
731
27
802
16
427
19
914
915
671
669
668
437
445
446
447
449
450
451
156
120
644
145
33
31
812
811
759
118
386
453
454
455
456
457
458
452
599
36
37
840
448
739
738
46
1082
83
107
76
74
77
73
78
75
163
1044
760
45
969
617
1035
966
55
371
127
574
101
123
95
412
411
3
1
56
756
170
884
138
534
854
96
605
863
128
129
785
869
22
23
769
52
733
896
243
244
245
246
247
248
249
250
251
252
253
254
255
256
257
258
259
260
208
209
210
211
212
213
214
215
216
217
218
219
220
221
222
223
224
225
226
227
228
229
230
231
232
233
234
235
236
237
238
239
240
241
242
173
196
174
175
176
177
178
179
180
181
197
198
199
200
201
202
203
204
205
206
207
182
183
184
185
186
187
188
189
190
191
192
193
194
195
1068
568
569
570
717
719
1830
1278
1927
1475
1476
1406
1799
1800
1801
1524
1543
1544
1993
1868
1201
1756
1757
1149
1377
1179
1180
1781
1782
1589
1131
1174
2013
2014
2015
1623
1632
1826
1754
1527
1528
1273
1487
1961
1962
1418
1416
1419
1420
1421
1423
1120
1914
2027
1648
1811
1743
1746
1950
1110
1113
1141
1136
1126
1225
1108
1119
1105
1207
1125
1198
1960
1138
1124
1964
1139
1122
1741
1325
1320
1805
1932
1224
1732
1731
1168
1103
1154
1153
1152
1101
1112
1203
1337
1186
1259
1229
1349
1257
1339
1474
1536
1585
1529
1175
1365
1569
1347
1367
1541
1251
1146
1348
1342
1411
1494
1156
1493
1317
1456
1409
1526
1228
1321
1322
1267
1279
1381
1523
1281
1316
1415
1391
1301
1270
1554
1230
1550
1492
1410
1600
1551
1486
1444
1449
1258
1361
1473
1542
1599
1620
1362
1768
1819
1665
1735
1875
1889
1877
1966
1907
1792
1943
1784
1729
1791
1899
1680
1158
2018
2016
1957
1952
2040
2037
2036
1942
1941
1938
1947
1852
1847
1845
1843
1885
1876
1898
1892
1765
1764
1763
1759
1758
1832
1818
1812
1803
1641
1635
1634
1633
1629
1628
1627
1718
1717
1714
1713
1712
1711
1710
1707
1702
1701
1700
1694
1645
1663
1662
1654
1653
1652
1650
1649
1697
1692
1689
1684
1679
1677
1671
2035
1855
2008
1900
1999
2032
1576
1579
1580
1586
1587
1590
1592
1593
1594
1595
1596
1598
1602
1605
1607
1614
1617
1522
1539
1557
1558
1559
1561
1437
1477
1468
1434
1345
1428
1427
1426
1424
1422
1417
1414
1413
1412
1408
1505
1502
1498
1496
1495
1491
1490
1489
1488
1482
1350
1236
1392
1394
1390
1388
1237
1247
1376
1373
1250
1242
1384
1161
1159
1155
1148
1147
1144
1194
1190
1183
1181
1178
1264
1334
1333
1332
1331
1453
1425
1480
1252
1499
1548
1469
1275
1457
1340
1364
1245
1546
1160
1612
1256
1366
1450
1241
1137
1133
1130
1129
1127
1214
1212
1213
1200
1210
1208
1199
2010
1329
1140
1994
1955
1912
1890
1739
1318
1545
1358
1246
1359
1187
1430
1990
1883
1191
1192
1106
1945
2034
1330
1202
1572
1525
1360
1698
1447
1624
1891
1703
1532
1658
1374
1298
1636
1497
2026
1820
1956
1445
1274
1501
1531
1535
1109
1227
1438
1555
1344
1719
1862
1909
1861
1173
1766
1837
1328
1857
2023
1565
1915
1221
1197
1271
1817
1368
1382
1705
1823
1860
1708
2012
1850
1983
2041
1760
1143
1534
1630
1621
1578
1704
1740
2025
1371
2020
1894
1248
1610
1540
1951
1249
1771
1521
1639
1176
1363
1461
1597
1204
1651
1552
1386
1642
1111
2005
1879
1341
1581
2038
1568
1389
1848
1863
1992
1471
1834
1303
1872
1858
1859
1738
1780
1773
1959
2006
1655
2029
1675
1948
1750
1564
1644
1921
2001
1753
2028
1864
1683
1691
1904
1972
1562
1828
1749
1939
1836
1969
2004
2003
2002
1946
1924
1777
1772
1882
2000
1873
2007
1968
1670
1770
1888
1874
1913
2011
1666
1778
1802
1902
2033
1647
1806
1944
1958
1881
1884
1797
1631
1761
1917
1657
1798
2024
2017
1865
1901
1842
1793
1690
1646
1995
1991
1997
1998
1996
1851
1185
1375
1472
1282
1478
1253
1335
1448
1353
1188
1464
1553
1276
1385
1465
1466
1530
1170
1577
1608
1356
1354
1287
1100
1216
1222
1971
1920
1656
1880
1973
1123
1619
1467
1404
1509
1387
1171
1164
1163
1132
1918
1841
1822
1839
1886
1930
1150
1402
1520
1436
1622
1963
1856
1767
1728
1840
1733
1829
1838
1481
1266
1399
1182
1458
1165
1878
1609
1937
1625
1533
1104
1640
1142
1643
2019
1601
1135
1134
1446
1816
1813
1815
1929
1928
1547
1734
1463
1926
1280
1162
1566
1518
1517
1752
1919
1887
1232
1233
1115
1116
1982
1435
1616
1769
1736
1737
1370
1573
1570
1235
1234
1459
1844
1519
1664
1678
1196
1277
1835
1953
1128
1604
1667
1668
1669
1429
1099
1098
1097
1102
1747
1716
1510
1514
1989
1516
1831
1319
1357
1355
1209
1157
1726
1725
1724
1940
1984
1722
1721
1313
1312
1315
1314
1307
1304
1911
1910
1744
1742
1393
1723
1215
1908
1821
1789
1790
1787
1788
1988
1613
1730
1727
1751
1975
1745
1762
1151
1693
1513
1512
1511
1231
1563
1720
1503
1504
1954
1905
1243
1244
1827
1981
1254
1255
1500
1302
1537
1433
1432
1431
1965
1346
1352
1538
1779
1479
1626
1970
1672
1810
1809
1807
1306
1305
1308
1311
1310
1309
1405
1195
1484
1748
1606
1272
1931
1454
1455
1268
1269
1853
1439
1441
1443
1283
1284
1285
1286
1289
1217
1218
1219
1293
1292
1290
1291
1295
1286
1289
1217
1218
1219
1293
1292
1290
1291
1295
1288
1193
1987
1118
1223
1294
1297
1296
1395
1588
1050
640
1083
564
816
720
1071
773
1073
858
1056
878
770
381
885
1074
672
779
625
867
1031
393
28
801
845
114
658
657
853
122
111
139
379
572
487
543
608
632
729
1089
902
649
727
908
809
167
917
169
852
676
362
1028
154
144
810
1012
1091
933
912
709
755
1069
876
578
723
529
961
682
478
698
165
1077
1029
1018
951
1007
1051
1054
1087
596
784
666
482
521
504
768
530
153
385
544
370
757
498
517
358
745
758
168
382
573
83
83
83
84
84
84
85
85
85
86
86
86
88
88
88
89
89
90
89
91
90
90
92
91
91
92
92
1
2
3
1
1
2
231
617
613
615
614
616
618
499
534
444
451
447
462
502
531
532
503
506
505
501
529
512
510
536
483
475
469
549
472
484
492
551
498
548
550
488
515
473
518
519
492
551
498
548
550
488
515
473
518
519
517
485
513
514
516
544
542
456
495
487
457
471
527
507
442
546
504
509
481
496
470
341
292
291
301
306
317
303
319
302
314
311
308
316
305
321
315
309
318
373
361
363
370
380
372
379
389
374
387
369
388
368
385
371
362
367
383
375
364
386
384
376
381
382
365
366
377
378
345
360
347
348
357
342
359
343
346
358
349
352
350
344
351
395
354
393
390
391
397
392
396
398
355
356
353
394
1
1
1
1
222
222
506
540
532
517
523
507
513
522
505
222
222
222
506
506
540
506
540
540
532
532
532
517
517
517
523
523
507
523
507
513
507
513
513
522
522
522
505
505
505
222
506
540
532
517
523
507
513
522
505
518
549
526
537
539
515
501
529
533
543
545
546
551
524
552
542
508
520
530
499
548
511
498
531
538
504
503
541
497
528
500
502
544
550
514
547
527
521
509
525
519
512
516
534
535
536
510
