1
2
3
4
5
6
7
8
9
10
11
12
13
14
15
16
17
18
19
20
22
23
24
25
26
27
28
29
30
31
32
33
34
35
36
37
38
39
40
41
42
43
44
45
46
47
48
49
50
51
52
53
54
55
56
57
58
60
61
62
63
64
65
66
67
68
69
70
71
72
73
74
75
76
77
78
79
80
81
82
83
84
85
86
87
88
89
90
91
92
93
95
96
97
98
99
100
101
102
103
104
105
106
107
108
110
111
112
113
114
115
423
356
357
206
238
362
319
358
452
453
426
425
424
380
477
478
251
144
191
189
374
373
173
369
498
483
562
516
334
335
213
448
489
330
187
541
590
326
327
361
586
540
283
218
267
185
585
580
595
547
579
269
266
237
443
306
259
132
465
323
289
309
416
400
287
559
442
291
203
249
134
288
282
293
299
212
284
419
321
417
119
418
383
558
279
557
560
519
461
406
280
286
207
210
254
255
257
258
260
349
307
352
263
329
312
328
347
348
188
186
344
345
182
193
184
183
190
233
179
195
180
243
242
241
236
235
376
363
359
472
371
365
372
464
466
467
470
471
136
137
143
133
141
135
139
125
147
146
127
145
486
121
149
148
491
492
490
487
518
510
495
494
493
514
463
499
509
496
402
401
399
398
576
577
404
565
571
592
588
563
534
532
531
530
544
543
542
201
222
204
220
219
174
198
200
199
225
164
166
171
172
176
474
155
473
157
161
153
476
154
475
526
525
484
150
479
301
277
568
528
117
354
272
305
304
388
387
385
355
247
447
456
393
459
451
396
454
455
339
315
317
318
503
409
432
412
413
414
435
408
317
318
503
409
432
412
413
414
435
408
317
318
503
409
432
412
413
414
435
408
434
436
274
278
384
211
209
216
379
488
366
382
574
480
584
118
151
593
394
300
462
325
250
367
569
511
444
508
253
375
364
131
252
581
485
351
192
296
223
468
322
142
234
285
420
533
566
158
481
156
573
239
439
415
450
504
167
529
194
395
175
346
449
205
261
202
332
256
273
314
302
446
390
527
578
469
221
337
295
270
350
548
591
248
338
126
389
181
512
437
226
224
513
360
169
168
170
244
292
311
536
405
303
502
458
162
275
572
324
240
152
457
535
313
410
281
517
433
561
570
297
298
196
556
340
482
567
276
537
545
429
430
431
427
428
386
403
680
596
673
646
715
597
674
640
714
645
675
598
644
713
599
676
643
712
677
600
711
642
678
710
679
601
709
637
708
602
681
632
707
603
682
629
604
628
706
605
683
627
705
606
684
626
685
607
704
625
703
608
686
624
702
609
687
701
623
688
700
610
689
622
699
611
690
621
612
698
691
613
697
620
692
614
696
693
695
694
619
618
617
615
616
422
754
755
756
757
758
759
760
761
763
764
765
766
767
768
769
770
771
772
773
735
736
737
738
739
740
741
742
743
744
745
746
747
748
749
750
751
752
753
716
717
718
719
720
722
721
723
724
725
647
648
649
650
651
652
653
654
655
656
657
658
659
660
661
662
663
664
665
666
667
668
669
670
671
672
726
727
728
729
730
731
732
733
734
217
441
271
177
316
310
378
214
440
587
594
231
507
159
522
523
521
520
524
124
123
120
230
290
294
421
140
178
116
264
790
795
368
370
780
635
781
782
776
786
799
792
775
777
638
633
788
636
778
789
630
796
641
793
779
794
774
800
783
801
791
802
785
784
797
639
798
407
308
515
762
208
336
787
165
411
634
631
381
227
228
229
197
138
554
552
553
551
550
555
128
129
130
505
506
546
549
215
320
160
268
391
392
353
245
246
582
397
438
232
564
333
497
501
500
575
460
343
342
445
265
122
331
262
377
583
163
341
539
538
589
1392
1002
1147
1400
1498
900
1035
1206
864
865
1585
804
962
1065
1066
1355
895
896
1331
1015
809
1561
852
855
854
853
848
845
846
847
1500
897
1000
882
883
884
1177
1096
1617
856
1012
1014
1213
1540
1010
1011
823
803
1309
1489
1446
975
849
1071
1411
1086
1395
1090
1085
1396
1434
1416
1061
1041
1456
985
1079
997
1095
984
1178
1432
1457
996
1023
1323
1003
841
839
976
1054
1008
1386
1050
1448
1005
1020
1026
978
1471
970
1459
1424
1004
1068
1280
1479
1425
1067
1384
979
1433
1379
1038
1427
1270
1028
1092
1087
993
1267
1409
983
830
831
1099
837
977
1474
1492
1089
1078
1372
1464
1439
1436
1018
1442
937
1281
998
1403
1477
1039
1088
808
1419
1437
1076
936
1122
974
1060
1224
1047
1040
1288
1297
1278
1296
1130
934
935
950
941
958
981
987
988
1024
1022
1072
1373
1398
1430
1482
1421
1310
1091
1475
1453
1034
991
907
875
1418
1378
939
1483
892
891
1103
1262
1491
1447
1139
1388
1488
1485
992
1142
1055
880
980
1313
1231
1449
947
872
1127
1460
1450
961
1102
1465
989
1467
1019
1311
1431
1383
1376
1402
1401
1286
1287
1077
1412
1389
1097
1382
1031
1027
1385
969
1466
1417
1082
1390
1444
1033
1214
1461
967
963
1454
1051
1201
1387
1104
1075
1426
945
1036
871
1422
930
1414
1393
1107
957
1129
888
948
1237
1455
1415
1404
1048
1098
1463
1443
938
1044
1174
835
868
1273
1238
1365
1235
889
859
893
1276
922
876
1410
1032
1236
954
901
929
925
1413
918
1043
952
1305
1301
1299
1368
1042
1112
1117
944
1486
1101
953
1438
887
1462
877
909
1021
1284
1105
894
1295
1181
1370
1253
1493
1367
869
1441
843
1314
1428
1408
906
1381
973
1440
982
926
851
827
822
1476
1490
1487
1481
1289
1293
1316
1312
1308
1306
1304
1303
1302
1317
1320
1321
1324
1326
1328
1329
1343
1342
1341
1340
1338
1337
1336
1334
1333
1332
1330
1347
1348
1349
1351
1352
1353
1364
1363
1362
1361
1360
1359
1277
1357
1358
1275
1279
1282
1283
1266
1249
1246
1245
1244
1243
1242
1234
1223
1225
1227
1230
1220
1218
1217
1215
1212
1211
1202
1203
1204
1205
1208
1193
1191
1184
1188
1170
1166
1165
1164
879
886
890
912
908
920
946
949
1025
1062
1063
1083
1106
1100
1136
1113
1137
1138
1116
1123
1133
1125
1140
1132
1121
1141
858
1407
1335
878
873
960
910
940
999
1001
866
1046
832
833
834
917
1495
1472
1562
1468
1261
874
821
870
860
990
1185
1210
829
928
1049
905
824
1045
1469
1380
955
1375
1470
1563
1221
1350
807
916
1445
951
1274
828
1609
844
842
1497
1144
972
1070
1533
885
956
850
968
1143
915
1190
1189
1250
1452
1354
1532
1377
1030
1399
1529
1180
1146
1148
1307
1219
1600
1371
836
1574
1149
1109
1056
862
1539
1150
1496
1513
1093
1119
1478
1007
1523
1194
1111
1037
1126
1564
1534
1196
1626
1531
1499
820
1366
921
1522
927
1451
863
932
1240
1226
1216
1195
1199
1059
923
1080
1163
1167
1169
1239
1241
825
826
914
1318
1319
1128
1300
1527
1151
1543
1538
1530
1259
1124
1528
1257
1256
1172
1258
1254
1510
1508
1259
1124
1528
1257
1256
1172
1258
1254
1510
1508
1511
1265
1264
1152
1255
861
971
1073
1182
1406
1298
1016
1017
1473
1269
1339
994
995
1084
1601
1291
1110
898
899
1613
1391
1327
1420
805
806
1207
1057
1345
1346
1322
1458
986
1494
1285
1369
1397
1013
1187
1134
1260
1292
1374
942
814
1006
817
1263
964
965
911
881
1115
811
812
1573
1557
1572
1571
1553
1556
1554
1549
1555
1567
1565
1560
1559
1570
1566
1552
1558
1535
1568
1074
1029
1252
867
813
1145
1290
1120
1131
1405
1155
1394
1271
1053
1052
1081
1069
815
1094
924
1154
1176
1175
1171
1173
1168
1162
1161
1159
1158
1156
1247
1251
1248
1200
1272
1183
1197
1108
1537
1153
816
1315
1575
1591
1599
1602
1503
1480
1501
1507
1578
1521
1579
1580
1581
1607
1577
1612
1625
1610
1606
1598
1592
1593
1586
1588
1520
1524
1516
1526
1542
1518
1517
1608
1594
1587
1584
1595
1582
1583
1596
1590
1232
1233
1228
1294
1502
1157
1268
1544
1541
1546
1514
1515
1550
1551
1605
1603
1604
1135
1547
1525
1545
1536
1569
1597
1209
902
1576
1548
1611
1114
1505
1624
1506
1618
1622
1429
1615
1160
943
810
1620
1621
1589
1616
913
1614
1504
1325
933
1179
1509
1519
1512
919
1484
1118
1619
857
818
1058
1344
1186
931
1192
966
1009
1064
1435
903
904
1423
1356
840
838
1229
1623
959
1222
1198
819
2221
2201
2259
1789
2153
2283
2301
2306
1729
2041
2203
2327
2280
2326
1733
2317
2044
2328
1719
2308
2219
1697
1995
2037
2036
2206
2043
2046
2257
1717
2191
2152
2171
2313
1867
2314
1798
2332
2323
2039
2253
1955
2322
2192
1869
1990
1690
2054
2055
1834
2190
2329
1856
1989
2321
2275
1841
2182
2183
2038
2147
1723
2086
2156
2155
2295
2040
2042
2293
1979
1646
2303
1865
1864
1863
1883
1882
1886
1912
1913
1914
1918
1915
1909
1898
1899
1900
1901
1902
1903
1904
1906
1907
1921
1922
1924
1925
1926
2130
2031
2127
2128
2129
2126
2131
2132
2133
2134
2135
2136
2137
2138
2140
2139
2141
2142
2063
2060
2059
2058
2057
2056
2052
2049
2048
2047
1682
1679
1680
1681
1677
1676
1675
1684
1674
1685
1842
1840
1833
1837
1835
1839
1832
1843
1965
1980
1982
1988
1831
1991
1985
1994
1984
1992
1996
1997
2157
2151
2154
1960
1695
1694
1693
1692
1691
1699
1855
1854
1851
1852
1850
1847
1964
1967
1866
1962
1961
1968
1969
2166
2168
2164
2169
2235
1936
1943
1942
1941
1940
1928
1937
1944
1938
1945
1946
1935
1948
1952
2241
2238
2237
2231
2232
2233
2234
1633
1634
1732
1722
1784
1786
1783
1782
1785
1653
1652
1648
1655
1656
1645
1657
1794
1800
1795
2311
2333
1665
1666
1662
1661
1667
1664
1663
1668
1669
1660
1818
1819
1817
1815
1820
1813
1811
1814
1821
1822
1823
1824
1809
2003
2005
2002
2001
2006
2007
2000
1862
1891
1890
1895
1887
1857
1905
1927
1874
1878
1873
1872
2200
1934
1700
2260
1742
2145
2024
2105
2106
2107
2109
2108
2110
2111
2112
2113
2114
2115
2117
2118
2119
2120
2121
2122
2123
2125
2087
2088
2089
2090
2091
2092
2093
2095
2076
2077
2078
2079
2080
2081
2082
2083
2084
2085
2096
2097
2099
2100
2101
2102
2103
2104
2066
2067
2069
2070
2071
2072
2073
2074
2075
2064
2053
2016
2014
2012
2010
2032
2026
2023
2018
2015
2009
2011
2013
1741
1740
1737
1736
1735
1777
1776
1775
1774
1773
1772
1771
1769
1768
1767
1766
1765
1764
1753
1754
1755
1756
1757
1758
1759
1760
2331
2312
2309
2310
2264
2222
1932
1709
1825
1650
1629
1725
1635
1638
1636
1639
1637
1718
1721
1720
1715
1640
1643
1642
1712
1658
1714
1671
1673
1707
1672
1708
1659
1702
1705
2159
1703
1704
1687
1688
1689
1713
1778
1780
1762
1801
1788
1763
1761
1806
1805
1807
1804
1830
1826
1827
1846
1877
1844
1845
1868
1870
1871
2008
2019
2149
2146
2148
2158
1977
1976
1975
2160
2161
1973
1972
2163
1971
1998
1958
1959
1957
1954
1956
1953
1792
1790
1799
1797
2178
2184
2174
2172
2175
2176
2173
2180
2225
2230
2261
2227
2228
2239
2229
2242
2243
2244
2245
2249
2248
2247
2269
2268
2277
2274
2262
2263
2027
1810
1879
1916
1750
1744
1881
1894
2291
1812
1701
1917
2177
1779
2290
1930
2179
1781
1920
1939
1706
2162
1897
1875
1647
2298
1888
1734
1649
1748
2254
2325
2255
2270
2272
2299
2282
2199
2198
1908
2216
2220
2226
2223
1770
2116
1910
1836
1859
2210
2330
2193
2209
2202
2189
2281
2144
2195
2205
2236
2273
2289
2213
2271
2025
2207
2197
1796
2035
1752
1628
1993
1738
2061
1727
1724
2098
2094
1711
1808
2194
1791
2050
2004
1951
1743
2170
1829
2224
2265
1923
1861
1876
1931
1885
1884
1893
2188
2208
1892
2204
1896
2267
1696
2276
1853
1986
1987
2307
1949
1880
1950
2252
2324
1641
2315
2181
1978
1981
2021
2022
2065
1739
2051
1803
2045
2316
1816
2318
2319
2320
1787
2294
2246
1947
2212
1999
1726
1728
1838
1793
1678
1929
1983
1919
2250
2251
2020
2028
2029
2062
1966
1730
1731
2292
2278
2297
2305
2266
2286
2214
1632
1630
1631
1686
1683
1670
1710
1654
1716
1746
1848
1849
1970
2143
2165
2284
2287
2285
1911
1889
1860
1651
2215
2217
2218
1698
1858
1627
2296
1963
2167
1749
2288
2211
1751
2034
2196
2304
1644
2017
2068
2124
1974
2300
1802
1828
2030
1933
2258
2187
2240
2185
2186
2302
2033
1745
2256
2279
2150
1747
2334
2510
2367
2369
2503
2504
2762
2723
2606
2609
2607
2597
2349
2344
2825
2598
2493
2414
2430
2447
2439
2355
2356
2352
2397
2377
2427
2435
2436
2710
2491
2486
2488
2490
2492
2497
2479
2478
2477
2476
2475
2474
2460
2461
2459
2444
2456
2457
2455
2454
2453
2450
2451
2452
2449
2446
2445
2443
2505
2398
2420
2423
2428
2422
2421
2424
2425
2426
2336
2392
2391
2390
2393
2389
2385
2403
2404
2406
2383
2381
2380
2407
2374
2379
2354
2351
2350
2342
2373
2372
2368
2614
2620
2640
2654
2655
2656
2663
2668
2664
2667
2692
2693
2698
2697
2695
2709
2707
2764
2759
2665
2666
2734
2735
2763
2761
2795
2766
2758
2793
2757
2767
2733
2821
2822
2819
2823
2824
2826
2756
2676
2574
2573
2648
2649
2674
2572
2584
2582
2581
2571
2560
2559
2558
2556
2555
2543
2742
2744
2541
2743
2746
2540
2750
2751
2527
2515
2526
2524
2525
2516
2827
2506
2650
2577
2565
2566
2708
2539
2371
2341
2627
2629
2631
2630
2621
2636
2637
2624
2632
2626
2673
2585
2615
2623
2619
2647
2646
2633
2592
2591
2594
2595
2600
2599
2593
2602
2601
2605
2613
2612
2611
2618
2616
2617
2635
2634
2622
2638
2641
2642
2643
2644
2645
2586
2587
2588
2657
2661
2662
2653
2669
2652
2671
2672
2579
2578
2575
2576
2682
2687
2686
2688
2689
2683
2685
2690
2684
2691
2681
2680
2679
2675
2569
2561
2568
2567
2562
2563
2699
2706
2705
2704
2702
2703
2701
2700
2739
2740
2741
2544
2554
2545
2553
2552
2547
2550
2548
2721
2719
2722
2724
2716
2784
2725
2714
2726
2729
2712
2711
2730
2770
2732
2731
2792
2713
2718
2720
2747
2760
2752
2748
2530
2517
2518
2538
2537
2531
2532
2533
2536
2715
2534
2535
2337
2651
2570
2580
2773
2774
2778
2781
2782
2777
2775
2776
2786
2785
2788
2789
2787
2769
2828
2790
2783
2754
2791
2523
2522
2521
2520
2805
2807
2796
2814
2813
2818
2800
2806
2809
2804
2808
2799
2815
2817
2801
2803
2797
2519
2511
2513
2798
2508
2509
2512
2507
2484
2483
2482
2464
2463
2473
2472
2471
2470
2465
2466
2467
2468
2469
2433
2437
2438
2440
2431
2399
2396
2400
2394
2402
2401
2384
2353
2628
2501
2500
2502
2499
2498
2418
2413
2408
2411
2412
2410
2409
2417
2416
2339
2340
2378
2358
2357
2376
2359
2360
2365
2364
2362
2361
2363
2346
2345
2343
2462
2696
2755
2388
2603
2386
2335
2590
2514
2546
2802
2658
2448
2768
2659
2816
2419
2375
2727
2387
2485
2529
2677
2347
2480
2338
2395
2366
2370
2434
2811
2812
2737
2487
2694
2736
2738
2557
2589
2604
2596
2610
2717
2810
2489
2495
2564
2549
2551
2779
2780
2794
2753
2745
2765
2429
2771
2442
2496
2678
2382
2405
2481
2458
2670
2441
2542
2749
2415
2494
2625
2728
2660
2772
2348
2639
2528
2432
2608
2820
2583
3080
3074
3293
2949
2950
2834
3177
3170
3092
3278
3085
3267
3025
3254
2885
3142
2888
3179
3302
3014
3018
3017
2903
2995
3016
2996
3015
2997
2998
2999
3013
3000
3012
3010
3001
3004
3006
3007
3072
3073
3076
3086
3075
3077
3078
3091
3089
3088
3087
3081
3083
3084
3172
3173
3174
3175
3178
3251
3248
3252
3247
3246
3253
3255
3245
3241
3244
3243
3256
3257
3281
3282
3283
3284
3285
3286
2865
2863
2864
2853
2854
2855
2862
2860
2856
2861
2857
2858
2859
2890
3030
3031
3111
3105
3110
3102
3109
3204
3101
3108
3103
3107
3205
3218
3203
3201
3233
3237
2871
2872
2873
2874
2875
2876
2877
3234
2879
3125
3126
3124
3120
3217
3219
3215
3127
3220
3221
3222
3223
2923
2916
2972
2987
2960
2974
2980
2979
2977
2934
2955
2956
2937
2939
2938
2940
2976
2975
2941
2942
2943
2970
2944
2967
2968
2965
2945
2947
2946
2964
2948
2951
2962
2961
2959
2952
2953
2954
2958
3047
3059
3061
3058
3048
3057
3056
3049
3050
3055
3051
3054
3052
3053
3161
3160
3144
3157
3301
3270
3269
3268
3271
3266
3263
3272
3262
3273
3261
3275
3292
3291
3296
3274
3299
3297
3298
3290
3294
3295
3289
2829
2832
2831
2830
2847
2846
2845
2844
2843
2835
2836
2842
2837
2838
2841
3224
3202
2978
2917
2918
2920
2922
2986
2924
2925
2926
2928
2929
2930
2931
2932
2915
2914
2913
2912
2988
2989
2911
2907
2909
2991
2990
2993
2908
2906
2905
2994
2904
2900
2899
2902
3019
3020
3021
3022
2901
3023
3024
3026
3027
2898
3066
3067
3071
3045
3064
3063
3044
3068
3041
3069
3070
3040
3042
3046
3099
3038
3096
3037
3097
3039
3098
3036
3035
3034
3033
3112
3113
3114
3115
3116
3117
3118
3119
3162
3163
3164
3165
3143
3166
3141
3171
3139
3138
3137
3136
3133
3106
3132
3208
3209
3130
3129
3128
3210
3211
3213
3212
3123
3153
3093
3032
2919
3169
2973
2983
3145
3155
3147
3148
3149
3176
3150
3180
3181
3182
3187
3189
3199
3198
3190
3196
3191
3197
3192
3195
3194
3131
3277
3260
3276
3279
3259
3258
3242
3231
3230
3229
3228
3227
3226
3225
2849
2851
2850
3288
2852
3287
2866
2867
2868
2869
2870
2840
2896
2891
2892
2894
2895
2839
2884
2882
2881
2880
2883
2984
3121
3156
3236
3300
2921
2927
3158
2963
3264
3240
3134
3104
3249
3250
2897
3216
2848
2833
3280
2985
3008
3238
3159
3028
3029
3184
3060
3079
3167
3168
3185
3186
3135
3094
3303
3151
3152
3122
3183
3206
3207
3214
2957
3200
3265
3043
2886
2887
2889
3100
3146
3154
3002
3239
3232
3009
2910
3082
3235
2982
3065
2935
2966
2992
3095
2969
3193
2971
3090
3003
3005
3062
2936
2981
2933
3140
2893
3011
3188
2878
3304
3305
3316
3311
3313
3318
3312
3308
3321
3314
3306
3307
3322
3320
3315
3319
3309
3317
3326
3325
3323
3324
3332
3328
3329
3333
3330
3331
3335
3334
3327
3337
3336
3339
3338
3377
3379
3375
3342
3341
3344
3365
3353
3354
3368
3373
3351
3352
3372
3340
3348
3346
3361
3360
3349
3350
3358
3369
3359
3362
3363
3367
3366
3343
3357
3371
3370
3364
3380
3381
3356
3355
3374
3347
3345
3376
3378
3382
3384
3387
3385
3383
3388
3386
3389
3392
3390
3394
3391
3393
3414
3395
3396
3401
3402
3411
3424
3416
3398
3409
3407
3444
3412
3423
3418
3419
3439
3437
3428
3413
3438
3436
3422
3432
3434
3433
3440
3429
3427
3425
3417
3408
3443
3410
3441
3435
3455
3465
3466
3464
3463
3458
3459
3461
3457
3456
3462
3460
3472
3400
3415
3421
3430
3397
3399
3405
3404
3403
3446
3445
3447
3442
3406
3448
3452
3450
3454
3420
3453
3451
3449
3470
3468
3469
3467
3471
3431
3426
3473
3474
3475
3476
3477
3478
3479
3481
3505
3486
3504
3494
3487
3495
3496
3497
3489
3488
3500
3490
3492
3499
3491
3498
3508
3506
3509
3493
3507
3484
3512
3482
3510
3511
3503
3513
3501
3502
3515
3514
3515
3514
3518
3521
3523
3525
3526
3527
3528
3529
321
320
322
323
326
328
336
335
333
331
330
332
329
334
337
338
339
340
341
342
343
347
348
351
354
352
349
355
350
353
356
382
394
404
367
405
402
399
363
362
359
368
361
366
358
372
401
375
371
376
370
379
386
389
384
387
377
391
390
365
388
383
400
385
392
397
369
360
373
403
395
364
381
406
393
398
357
380
374
378
396
408
409
407
