1
2
3
4
5
6
7
8
9
10
11
12
13
14
15
16
17
18
19
20
21
22
23
24
25
26
27
28
29
30
31
32
33
34
35
36
37
38
39
264
262
253
252
279
280
261
318
192
462
511
525
147
484
487
485
293
292
79
80
268
64
370
348
330
331
347
349
184
75
332
169
213
189
325
326
351
333
328
329
334
493
188
286
350
217
307
76
316
313
314
195
113
466
153
249
205
244
308
148
180
182
222
223
257
367
278
229
284
241
373
237
263
212
206
375
285
190
402
413
254
306
194
430
112
115
157
163
138
275
390
368
164
99
87
96
102
97
122
126
132
145
411
415
416
137
133
124
98
158
114
155
139
320
109
162
107
361
159
120
100
111
125
144
154
232
439
151
43
131
404
116
272
256
267
160
405
101
201
117
537
407
141
135
156
134
524
359
121
130
77
238
281
508
507
509
505
520
401
136
48
506
514
78
409
311
49
94
517
453
271
319
65
68
372
142
535
81
504
41
428
414
70
55
315
431
91
542
119
67
421
455
221
146
497
161
85
176
495
527
342
443
337
432
429
374
435
515
197
198
492
84
282
463
51
412
296
297
295
86
226
433
83
513
425
417
410
426
371
427
44
478
72
305
123
494
73
61
510
475
60
104
74
175
436
533
422
424
437
403
398
118
345
449
501
58
490
468
541
248
377
289
396
354
352
258
384
202
179
447
66
108
56
389
259
418
196
127
243
423
269
394
251
250
474
473
287
383
105
471
472
200
265
310
309
47
323
204
203
395
456
343
321
529
503
185
186
388
452
451
227
187
366
302
301
304
303
129
386
344
340
448
365
128
273
266
270
218
438
294
209
498
499
216
399
199
376
532
531
54
233
420
470
391
235
322
207
290
335
291
276
336
245
59
516
57
46
40
50
53
521
45
110
71
177
63
476
106
434
150
530
491
450
459
458
457
346
219
539
489
362
387
440
534
283
103
442
324
172
173
543
544
82
93
149
353
363
441
358
288
512
545
360
152
52
364
165
166
167
168
170
496
488
502
143
408
379
523
247
469
214
477
483
42
183
536
400
461
378
540
341
239
210
385
355
397
419
356
526
481
479
482
62
465
274
357
225
299
486
317
89
234
246
327
69
500
445
446
88
171
522
193
95
181
90
220
140
528
211
454
260
380
538
191
444
92
242
381
382
369
467
215
277
255
300
298
312
338
224
339
518
519
228
174
178
236
230
231
392
393
464
240
460
406
208
480
801
811
841
956
957
1102
809
708
989
1074
1101
949
689
943
917
798
799
1352
1051
814
1089
1026
1257
939
1170
634
633
1046
1084
894
715
914
730
851
739
1053
960
855
835
755
1072
1023
878
896
1032
1067
768
765
832
1175
664
941
950
972
770
901
1323
699
743
549
843
1065
1066
966
946
756
585
712
1087
1086
783
1052
1215
1206
1207
1208
1209
846
767
899
834
862
784
975
974
605
930
625
804
845
1132
1154
995
1303
1311
902
1109
782
1064
1149
570
1285
891
861
1146
1176
1300
1282
852
671
990
996
997
998
1012
890
729
1196
660
661
569
1202
1105
745
1314
881
573
1030
933
1152
1305
1306
1307
1308
830
895
1293
581
1261
1260
904
1128
1029
1117
1226
1247
1250
1292
557
940
559
1262
1272
556
825
1312
923
1123
877
563
547
586
858
597
947
580
1075
882
820
650
1221
1294
608
721
713
728
548
1275
1258
1239
959
1198
1246
1116
1005
1283
1094
707
588
584
1121
567
1270
1290
692
1230
1255
568
645
1199
701
550
1295
564
887
561
886
848
849
1122
924
1124
576
583
616
1244
1263
1254
565
598
1252
579
753
911
624
927
876
900
892
1264
769
1243
1256
560
908
546
669
839
648
678
554
606
1249
1287
1253
1125
558
587
555
1276
578
1279
1288
1286
1291
1277
1245
1265
919
1187
953
732
1241
864
1194
744
592
1273
649
593
684
651
853
1010
1099
1071
1068
1248
819
1135
1038
1157
1063
1223
1040
1297
1191
1313
1042
1324
871
1216
1024
1138
612
1299
1060
1088
574
1217
1062
553
935
1076
954
751
1159
1179
1081
1180
1296
929
1233
963
1190
1181
1011
1169
694
1145
1083
1301
1167
703
722
1039
1178
909
1134
1133
1131
1130
1317
566
1022
771
903
952
850
1309
790
789
717
716
610
777
776
1031
1184
1185
688
666
948
778
779
780
1044
847
831
1193
643
1200
836
1155
611
1304
1219
590
816
885
921
1240
1090
698
905
629
1119
874
647
884
872
868
1281
1220
807
1204
1195
621
772
808
1186
821
1085
978
961
1096
1091
983
1168
718
734
1143
1298
1014
1129
665
1222
627
596
1017
1182
910
1078
1238
714
1015
1009
810
1100
700
920
883
1203
1201
813
1142
1177
955
988
1104
1112
805
806
1139
1140
1137
620
687
774
1228
1197
1073
1192
1162
1266
1267
973
619
773
552
1331
1316
1097
1322
1346
1348
1349
1350
1351
1325
1327
1329
1345
1333
1335
1343
1338
1341
1342
1344
631
934
1326
1328
1330
1332
1334
1336
1271
736
758
870
826
1049
1050
822
1054
937
1002
1004
1019
1018
675
999
967
575
1347
866
1144
1037
931
1340
607
670
695
1224
1339
1151
674
1113
742
925
926
928
1337
879
986
969
971
738
750
912
1147
1148
693
686
628
867
865
1310
1110
1141
1188
646
1025
705
1080
860
626
932
1242
572
1092
1183
817
1111
815
747
1274
1302
706
1153
1093
1237
1269
1268
1235
1236
1070
1214
1205
1231
1229
1211
1106
993
985
980
982
697
1166
1171
1172
976
1156
1006
979
1027
962
965
1008
936
1007
1069
1136
938
793
856
827
644
641
615
622
582
617
1045
981
977
837
1043
1082
1035
1033
1013
731
1321
1115
1158
746
1259
958
1251
1127
1048
984
551
1118
1055
1174
1284
763
1095
906
1161
668
991
859
602
696
748
1150
795
591
818
880
673
672
828
681
667
677
690
632
658
656
571
600
599
640
636
685
875
623
907
869
702
838
1114
1098
873
1126
1213
603
601
794
589
704
1353
796
987
618
663
823
788
1173
1108
1120
1061
994
888
889
863
842
775
786
787
792
759
754
752
749
724
723
727
726
791
642
630
635
639
637
679
844
709
680
720
719
897
652
655
659
762
760
761
725
657
913
915
916
918
614
613
683
740
833
653
638
682
691
1107
1003
1280
711
944
1278
1320
1319
1318
1234
1034
1020
1021
1000
1001
1227
764
1225
1212
1289
1077
662
1057
1058
1056
1047
1103
797
676
1165
1059
1232
577
757
733
942
1079
1028
1315
785
1041
970
968
741
1189
922
781
803
898
654
609
604
812
1163
945
1036
802
893
595
594
710
1218
824
562
1210
800
766
1164
992
1160
1016
829
840
735
964
857
737
854
951
1354
1355
1356
1357
1358
1359
1360
1361
1362
1363
1364
1365
1366
1367
1368
1369
1370
1371
1372
1373
1374
1375
1376
1377
1378
1379
1380
1381
1383
1385
1386
1387
1388
1389
1390
1391
1392
1393
1394
1395
1396
1397
1398
1399
1400
1401
1402
2370
2203
1478
2421
2177
1572
1577
1576
2197
2259
2550
2551
2574
2905
2792
2548
2935
2936
2858
2751
2550
2551
2574
2905
2792
2548
2935
2936
2858
2751
2752
2546
2736
2893
2868
2870
2867
2582
2821
2757
2684
2916
2951
2657
2627
2601
2628
2578
2911
2656
2917
2614
2647
2543
2654
2636
2638
2771
2555
2556
2557
2677
2711
2644
2641
2635
3015
2662
2646
2650
2649
2660
2661
2648
2658
2655
2659
2776
2796
2773
2779
2778
2598
2597
2602
2842
2675
2664
2799
2695
2795
2768
2708
2770
2715
2714
2721
2815
2829
2966
2928
2972
2685
2903
2800
2993
2626
2957
2894
3010
3009
2825
2900
2843
2691
2995
2902
2689
2808
2874
2579
2700
2968
2878
2676
2802
2798
2938
2988
2981
2877
2962
2941
2956
2683
2739
2545
3003
3001
3013
2877
2962
2941
2956
2683
2739
2545
3003
3001
3013
2686
2687
2811
2813
2807
2998
2999
2987
2989
2994
2996
2997
2980
2983
2954
2953
2974
2975
2976
2977
2973
2955
2652
2777
2790
2785
2780
2787
2940
2783
2784
2781
2924
2921
2937
2922
2920
2929
2930
2925
2933
2596
2612
2927
2604
2609
2607
2610
2731
2729
2755
2756
2726
2745
2735
2746
2734
2844
2846
2742
2851
2849
2850
2848
2674
2873
2879
2666
2541
2667
2668
2554
2553
2568
2625
2631
2583
2617
2624
2623
2804
2692
2573
2577
2581
2698
2801
2803
2797
2703
2699
2767
2707
2759
2764
2713
2816
2946
2947
2716
2724
2943
2945
2818
2817
2915
2824
2823
2942
2820
2831
2910
2830
2913
2826
2907
2838
2837
2836
2740
2906
2840
2839
2969
2960
2971
2959
2958
2880
2896
2964
2967
2889
2890
2876
2872
2862
2865
2871
2904
2856
2854
2860
2892
2886
2665
2688
2852
2791
2758
2982
2774
2673
2788
2542
2786
2944
2934
2881
2926
2970
2845
2985
2622
2984
2737
3011
2741
2847
2885
2603
2727
2828
2827
2750
2634
2772
2806
2547
2712
2978
2897
2595
2710
3008
2859
2679
2909
2789
2932
2899
2585
2912
2615
2653
2651
2696
3014
2769
2697
2608
2559
2558
2855
2616
2645
2561
2619
2805
2544
2569
2570
2571
2613
2887
3012
2629
2630
2552
2567
2565
2701
2678
2537
2908
2883
2549
2611
2536
2765
2566
2618
2620
2694
2693
2690
2642
2775
2706
2705
2704
2564
2633
2632
2990
2702
2782
2822
2794
2793
2637
2749
2748
2747
3007
2963
2738
2586
2587
2588
2589
2590
2761
2760
2563
2763
2762
2560
2680
2682
2681
2888
2869
2918
2919
3000
2986
2562
2901
3002
2621
2576
2575
2584
2891
2898
2593
2592
2591
2863
2965
2939
2599
2538
2539
2605
2606
2814
2723
2743
2882
3016
2732
2733
2884
2948
2949
2950
2753
2754
2709
2580
2600
2819
2669
2670
2671
2810
2809
2895
2979
2725
2914
2672
2875
2952
2730
2722
2719
2720
2718
2991
2992
2572
2766
2594
2540
2663
2923
2744
2841
2639
2643
2640
3004
3005
2812
2728
2857
2961
2853
2861
2717
2835
2931
3006
2832
2833
2834
2866
2864
2428
1571
2438
1487
1593
1438
2184
2109
2112
2105
1896
1876
2110
1921
1742
2101
2250
2247
1883
2291
2292
2068
1884
1766
1765
2188
1829
1715
1956
1957
1459
1460
1722
2039
1723
1752
1839
1738
1842
2053
2099
1744
1853
1830
1702
1838
1915
1914
1913
2435
2434
1762
1769
1728
1727
1865
1845
1743
1761
2098
2095
1796
2523
2529
1875
2072
2303
1815
1904
1714
1686
2108
1644
1930
1780
2111
1736
1473
1582
1784
1785
1786
2403
2404
1749
2097
1485
1948
1897
1814
1813
1912
1911
1754
1779
2156
2153
2045
2043
2498
2499
2139
2093
1628
1439
2467
2440
1902
1463
1701
1937
1938
1809
1934
1929
1694
2064
2311
2508
1827
1826
1828
1735
1851
1878
1877
1756
2412
1909
1787
1435
1434
1436
2405
2387
2386
2385
2044
2041
1596
2270
2212
2258
2182
2265
2181
2509
2501
1500
2151
2500
2422
2432
1665
2193
2415
2264
2253
2416
1615
2497
1653
2455
2413
2462
2511
2268
2431
2227
1558
2232
2414
1513
1610
2167
2257
2254
2519
2503
1661
2520
2384
2505
2256
2192
2280
2457
2281
2239
2240
1676
2488
1589
1532
2189
1669
1620
1673
2187
2190
2516
2518
2241
1652
2225
2504
2530
1499
2166
2448
1650
2251
2231
2228
1632
2489
2244
2282
1564
2230
2284
1552
2243
2195
2233
2279
2278
2417
1616
1545
2427
1404
1407
1409
1600
1601
1602
1605
1403
1592
1594
1595
1599
1548
1578
1580
1581
1591
1547
1551
1550
1549
1557
1542
1543
1556
1555
1566
1565
1533
1539
1523
1528
1529
1568
1531
1567
1521
1524
2419
2425
2426
2430
1509
1497
1496
1517
1512
1511
1534
1671
1617
2453
1634
1635
1609
1667
1625
2458
1638
1629
2454
2468
2472
2470
1619
2461
1607
2486
2474
2471
1659
2480
1612
1611
2476
2485
2447
2450
1674
2460
2465
1561
2221
2222
1519
2271
1479
1535
1481
1486
1493
1492
1482
1483
1484
2274
1490
1489
1477
1494
1560
1559
1563
1562
1536
1538
1631
1621
1514
2477
2459
2484
2224
1498
2183
1624
2208
1649
2483
2277
1664
2204
2210
2162
2172
2157
2236
2149
2173
2176
2161
2178
1646
1537
2175
2237
2163
2148
1501
2185
2205
2266
2466
2142
2198
2144
2487
2186
2191
2165
1527
2429
1491
1627
2533
1573
1510
2522
2275
1474
2463
1677
2242
2473
1518
1608
2482
1633
1574
1569
2238
1544
2276
1623
1553
2267
2481
1637
1639
1672
1603
2245
1406
2246
2507
1488
2263
1670
1597
1540
1630
1643
1648
1657
1613
2512
2464
2150
2492
2194
2171
1647
2170
2255
2510
1863
1456
2141
2152
1687
1472
2252
1466
2493
1946
2531
2494
1626
2169
2214
2445
2449
2478
1468
1467
2475
1622
2506
2452
2451
2442
2443
2272
1640
2381
2358
2444
2515
2229
1465
2310
2437
2502
2441
2160
1458
2380
2371
2534
2490
1525
1457
2436
1411
2362
2179
2365
2019
2383
1663
1464
1642
2147
2479
2180
2361
2164
2326
1668
2433
1520
1522
2395
2382
2374
2373
2360
1846
1729
1774
1689
2118
1759
2003
2004
2288
1860
1831
2024
1944
1933
1741
1586
1585
1583
1584
1587
1588
1740
1931
2075
1662
1977
1974
2145
1988
2027
2006
2218
2133
1412
1453
1804
2219
1962
2078
2321
2005
1801
1798
1825
2058
2059
2060
1996
1703
1606
2021
1810
1811
2016
2020
2018
1812
2047
2346
2347
1788
1554
2014
1843
1844
1437
1428
2084
2090
2096
1797
1993
1413
1414
1415
1753
1823
1964
1454
1455
1997
1999
2106
2071
2063
1893
1901
1803
1802
1958
2057
2056
2401
2392
2226
2513
2391
2378
2390
1651
2399
2304
2301
2287
2308
2323
2302
2320
1636
2159
2356
1541
1695
2035
2033
1699
2083
1987
1705
1889
1890
1891
1879
1985
1470
1546
1821
1822
2030
1968
2008
1967
2007
2011
1978
1969
1713
1739
2491
1955
2050
2049
1959
1678
1679
1680
1681
1682
1683
2340
1932
2140
1907
2130
2379
2330
2331
2048
1963
2135
2127
1820
1817
1818
2407
2410
1908
1760
2013
2123
2122
2121
2119
2120
2363
2220
2295
2359
2143
1443
1448
1675
2495
1666
1882
2154
2155
2283
2209
2307
2040
2298
1924
2174
1432
1433
1947
2200
2377
2341
2389
1954
2052
2124
2107
1950
1951
1952
1953
1949
2269
2364
2273
1900
2114
1982
1990
1905
1923
1916
1418
1892
2046
2235
1767
1768
1427
1709
2202
2067
2132
1781
1782
1783
1733
1734
2234
1835
1836
1837
1834
1833
1832
1960
1961
2128
2134
1692
1691
2424
2131
1408
2300
2062
1989
2079
1724
2026
1862
1995
1984
2103
2129
2102
1903
1981
1917
2117
2038
2029
2025
2066
2061
2085
2086
2089
2082
2087
2081
2088
2094
2073
2080
2010
1972
1965
1992
2076
2077
1887
1941
1940
2532
2100
2104
2012
1976
1872
1942
2074
2023
1975
1973
1983
2009
1971
2042
2528
2524
2527
1422
1966
1430
1431
1429
1444
1445
1419
1420
1421
1423
1424
1425
1426
1684
1685
1873
1874
2091
2092
2418
1970
2342
2343
1919
1920
1526
2032
2028
2034
2037
1998
1824
2065
2115
2116
1906
2055
2408
2409
2411
2136
2137
2138
2328
2394
2525
2526
2293
1986
1775
1776
1778
2000
2002
2113
2535
1922
1688
2036
1417
1660
1840
1841
2125
1441
1807
1899
1745
1747
1746
1748
1750
2031
2126
2423
1898
1447
1442
2496
1451
1452
2017
2001
1805
1806
1808
2319
1799
1794
1800
2022
2206
2207
2456
1416
1979
1980
1848
1918
1711
1405
1503
1502
1504
1819
2325
2335
2336
2337
2338
2345
2069
2070
2317
2324
2327
2329
2332
2333
2334
2313
2314
2315
2350
2351
2352
2354
1707
2054
1994
2339
1945
2015
2168
2051
1943
2294
2296
2297
2299
1719
1888
1991
2517
1656
1641
2388
2290
2406
2305
2367
1575
1505
2262
2260
2261
1515
1516
1471
1579
1654
1655
2420
2368
2397
2199
2366
2393
2398
2196
2223
2316
2446
2376
2396
2285
1462
2439
2400
2375
2402
1570
1618
1604
2514
1480
1475
1476
1614
2215
2216
1598
1449
2372
1450
2286
1440
2289
1789
1791
1717
1716
1718
1720
1881
1885
1690
1710
1861
1880
1758
1725
1712
1864
1506
1507
1508
1854
1855
1700
1764
1763
1816
2201
1866
1857
1856
1871
1870
1869
1868
1867
1772
1446
2217
1696
1693
1847
1849
1852
1910
2369
2357
2349
1469
1770
1771
1721
1726
2348
1859
1658
2309
1410
2312
1850
2344
1732
1777
2318
2211
2521
1530
1894
1708
1790
1645
2213
2306
2158
1792
1793
1925
1926
1927
1928
1773
2469
1737
1495
1858
2146
1704
2322
1935
1936
2353
2355
1698
1755
1731
1730
1706
2248
2249
1590
1757
1895
1751
1697
1886
1939
1795
1461
3018
3017
3021
3022
3025
3026
3027
3028
3029
3030
3031
3032
3033
3034
3035
3038
3039
3040
3041
3042
3045
3048
3049
3050
3051
3053
3054
3055
3056
3059
3060
3061
3064
3065
3066
3067
3068
3069
3070
3552
4087
3989
3967
3747
3748
3555
3844
3672
3783
3653
3361
3216
4088
3465
3776
3335
4100
4101
4047
3978
3363
3595
3933
3714
4108
4037
4102
3755
3971
3718
3203
3799
3772
4081
3371
3372
3419
3742
3588
3968
3170
3234
3247
3210
3225
3499
3163
3241
3218
3211
3174
3072
3148
3149
3752
3376
3378
3381
3997
3709
3393
3584
3827
3090
3694
3275
3703
3492
3838
3462
3171
3519
3961
3511
3114
3154
3778
3462
3171
3519
3961
3511
3114
3154
3778
3343
3343
3903
3903
3283
4034
4031
3583
3367
3212
3728
3850
4050
3664
3194
3910
4027
3641
3208
4041
3642
3538
3224
3660
3581
3627
4117
3862
4062
3276
3856
3741
3946
3560
3495
3390
3480
3486
3487
3488
3395
3394
3444
3392
3447
3437
3398
3441
3442
3397
3430
3431
3434
3435
3436
3370
3373
3252
3250
3473
3364
3365
3366
3368
3256
3260
3357
3259
3359
3360
3264
3263
3355
3261
3356
3345
3348
3349
3352
3266
3340
3341
3342
3274
3272
3296
3297
3334
3337
3277
3243
3294
3295
3284
3280
3165
3237
3229
3169
3231
3209
3172
3213
3215
3204
3173
3207
3192
3193
3178
3198
3201
3185
3184
3182
3181
3180
3153
3075
3190
3187
3082
3150
3151
3147
3146
3084
3083
3095
3089
3087
3086
3105
3139
3140
3141
3098
3135
3136
3113
3107
3138
3133
3134
3118
3116
3127
3130
3122
3131
3124
3126
3123
3618
3821
3507
4046
3880
3676
4019
3674
3963
3839
4030
3557
3558
3738
4014
3702
3514
3515
3563
3554
3564
3450
3451
3452
3453
3510
3380
3449
3988
3770
3771
4022
3375
3845
3840
4024
4023
3673
3669
3680
3740
3736
3679
3649
3677
3972
3929
3930
3969
3966
3906
3907
3927
3974
3789
3816
3817
3819
3787
3797
3788
3793
3794
3726
3723
3719
3784
3601
3604
3633
3697
3713
3639
3638
3600
3602
3634
3954
3596
3640
3939
3936
3995
3994
3996
3992
3979
3984
4038
4036
3941
3924
3911
3909
3908
4040
4052
3883
4053
3881
4055
3912
4048
3889
4049
3886
4051
3894
3897
3901
3902
3892
3873
3895
3860
3863
3866
3865
3870
3871
3858
3869
3867
3859
3853
3831
3834
3837
3847
3848
3808
3809
3814
3810
3822
3804
3781
3777
3764
3760
3756
3754
3803
3802
3686
3749
3753
3684
3757
3751
3707
3710
3695
3735
3745
3516
3708
4064
4003
3958
3947
3671
3959
3805
3957
3950
3948
3388
3919
3949
3806
3807
3914
3920
3987
3842
3761
4013
3716
3769
3559
4044
3887
3913
4029
3655
3678
3779
3561
3705
4057
3956
3701
3815
3879
3983
3636
3977
3565
3925
4021
4042
3928
3841
3556
4020
3964
3562
3382
3885
3982
3854
3864
4018
4035
3918
3637
3775
3737
3955
3759
4058
3763
3849
4060
4063
3489
3217
3546
3577
3291
3298
3166
3292
3282
3610
4039
3093
3286
3481
3536
3405
3549
3103
3535
3404
3155
3469
3580
3611
3189
3408
3281
3278
3470
3164
3457
3262
3521
3468
3406
3344
3347
3590
3594
3628
3612
4153
3524
3125
3202
3374
3500
3667
3666
3279
3454
3623
3625
3630
3661
3662
3573
3613
3619
3620
3621
3575
3646
3574
3647
3589
3585
3582
3578
3644
3551
3569
3587
3586
3520
3545
3547
3548
3518
3528
3539
3527
3523
3544
3502
3503
3504
3534
3459
3497
3498
3456
3455
3466
3464
3491
3463
3494
3471
3576
3973
3186
4114
3566
4025
3567
3112
3478
3826
3921
3522
3960
3656
3900
3670
3227
3750
3461
3725
3490
3477
3899
3938
3675
3426
4068
3607
3688
3823
3423
3413
3993
3699
3700
3681
3835
3696
3722
3762
3846
3092
3922
3923
3417
3433
3836
3525
3888
3898
3632
4008
4009
3293
3631
3414
3483
3571
3622
3687
3629
3269
3474
3119
3768
3917
3088
3668
3916
3458
3268
3720
3120
3421
3479
4059
3160
3467
3915
3767
3541
3145
3792
3893
3517
3496
3798
3429
3890
3358
3353
3080
3833
3597
3179
3270
3428
3121
3099
3432
3385
3391
3796
3652
3617
3362
3542
3505
3791
3800
3132
3396
3820
3830
3572
3443
3513
3137
3506
3159
3157
3091
3223
3220
3857
4155
3386
3191
3258
3626
3698
3257
4152
3603
3818
3624
3998
3071
3591
3682
3306
3303
3299
3309
3310
3312
3317
3313
3314
3315
3320
3324
3323
3325
3322
4000
3321
3318
3327
3328
4115
3205
3238
3236
4119
3531
4061
3926
3176
3389
3311
3329
3333
3332
3331
3307
3308
3304
3305
3990
3953
3387
3206
3425
3106
3932
3931
3094
3242
3855
3273
3168
3167
3152
3439
3438
3786
3377
4113
3537
3980
3427
3142
3852
3734
3715
3416
3765
4010
3952
3942
3937
3965
4012
3230
3526
3970
4154
3721
3350
4116
3508
3570
3288
4028
3599
3073
3420
3143
3077
3076
3108
4065
3685
3598
3482
3648
3336
3338
3445
4006
3790
3400
3399
3097
3162
3529
3460
3650
3683
3158
4026
3501
3235
4120
3424
3245
3246
3991
4001
4151
4147
4133
4136
4142
4141
3868
3351
3828
3829
3733
3550
3951
4138
4129
4128
4124
4122
4111
4112
3712
3811
3214
3448
3446
3780
3635
4127
3744
3711
3609
3512
3962
3795
3532
3221
3616
3727
3411
4032
4130
3271
3228
3945
3177
3658
4092
3078
3079
3081
3739
3877
3418
3689
3851
3484
3904
3659
3832
3109
3110
3785
4043
3401
3402
3403
3476
3102
4137
4132
3239
3663
3943
3651
3657
3475
4070
4099
4069
4090
4078
4106
4093
4077
3101
3111
3940
3289
3287
3290
3724
4094
4104
4085
3645
3244
3316
4091
3579
3301
3302
3592
4002
3884
3732
3568
4105
3896
3144
4011
3412
3226
3117
3100
3690
3691
3729
3981
4107
4082
3096
3605
3188
3509
3265
3319
4126
4125
4083
4089
3766
3074
3824
3825
3730
3731
3183
3369
3415
3891
3156
4150
4131
3540
3128
3326
3104
4080
4140
3905
4148
4149
4143
4144
4145
4146
3300
4135
3976
4139
3665
3407
3440
3530
3876
3222
3129
3872
3874
4121
3878
3717
4071
3843
3746
4134
3608
3614
3330
3085
4118
3975
3199
3200
4095
3248
3249
3251
3253
3254
3255
3693
3985
4123
3615
3861
3543
4054
3533
3161
3704
3485
3758
3692
4072
4075
4007
4073
4110
4098
3706
3654
4005
3935
3774
3986
4017
3801
3115
3593
3812
3875
3813
3354
3175
4015
3472
4066
3606
3999
3232
3233
3553
3643
3410
4004
3267
3379
3882
4045
3422
4033
3285
4086
3743
4103
3339
3195
3196
3197
3240
3409
4109
4016
3782
4084
3384
3383
4079
3934
3493
4096
4097
3219
3346
3944
4074
3773
4056
4067
4076
4156
4157
4158
4159
4160
4161
4162
4163
4164
4165
4166
4167
4168
4169
4170
4171
4172
4173
4174
4175
4176
4177
4178
4179
4180
4181
4182
4183
4184
4185
4186
4187
4188
4189
4190
4191
4192
4193
4194
4195
4801
4781
4841
4358
4729
4866
4886
4892
4298
4612
4783
4915
4863
4914
4302
4904
4615
4916
4913
4288
4894
4799
4266
4564
4608
4607
4786
4614
4617
4839
4869
4286
4771
4728
4750
4900
4436
4901
4367
4920
4910
4610
4834
4524
4909
4772
4438
4559
4259
4625
4626
4403
4770
4917
4425
4558
4908
4858
4410
4761
4762
4578
4609
4722
4292
4657
4732
4731
4879
4611
4613
4877
4882
4548
4215
4889
4434
4433
4432
4452
4451
4455
4481
4482
4483
4487
4484
4478
4467
4468
4469
4470
4471
4472
4473
4475
4476
4490
4491
4493
4494
4495
4703
4602
4700
4701
4702
4699
4704
4705
4494
4495
4703
4602
4700
4701
4702
4699
4704
4705
4706
4707
4708
4710
4711
4712
4714
4713
4715
4716
4634
4631
4630
4629
4628
4627
4623
4620
4619
4618
4251
4248
4249
4250
4246
4245
4244
4253
4243
4254
4411
4409
4402
4406
4404
4408
4401
4412
4534
4549
4551
4557
4400
4560
4554
4563
4553
4561
4565
4566
4733
4725
4727
4730
4529
4264
4263
4262
4261
4260
4268
4424
4423
4420
4421
4419
4416
4533
4536
4435
4531
4530
4537
4538
4743
4746
4749
4741
4747
4815
4505
4512
4511
4510
4509
4497
4506
4513
4507
4514
4515
4504
4517
4521
4821
4818
4817
4811
4812
4813
4814
4202
4203
4301
4291
4353
4355
4352
4351
4354
4222
4221
4217
4224
4225
4214
4226
4363
4369
4364
4897
4921
4234
4235
4231
4230
4236
4233
4232
4237
4238
4229
4387
4388
4386
4384
4389
4382
4380
4383
4390
4391
4392
4393
4378
4573
4575
4572
4571
4570
4576
4577
4569
4431
4460
4459
4464
4456
4426
4474
4496
4443
4447
4442
4441
4780
4503
4269
4842
4311
4720
4595
4709
4678
4679
4680
4682
4681
4683
4684
4685
4686
4687
4688
4690
4691
4692
4693
4694
4695
4696
4698
4658
4659
4660
4661
4662
4663
4664
4665
4667
4647
4648
4649
4650
4651
4652
4653
4654
4655
4656
4668
4669
4671
4672
4673
4674
4675
4676
4677
4637
4638
4640
4641
4642
4643
4644
4645
4646
4635
4624
4587
4585
4583
4581
4603
4597
4594
4589
4586
4580
4582
4584
4310
4309
4306
4305
4304
4346
4345
4344
4343
4342
4341
4340
4338
4337
4336
4335
4334
4333
4322
4323
4324
4325
4326
4327
4328
4329
4919
4898
4895
4899
4896
4846
4802
4501
4278
4394
4219
4198
4294
4204
4207
4205
4208
4206
4287
4290
4289
4284
4209
4212
4211
4281
4227
4283
4240
4242
4276
4241
4277
4228
4271
4274
4735
4272
4273
4256
4257
4258
4282
4347
4349
4331
4370
4357
4332
4330
4375
4374
4376
4373
4399
4395
4396
4415
4446
4413
4414
4437
4439
4440
4579
4590
4724
4721
4723
4734
4736
4546
4545
4544
4737
4738
4542
4541
4740
4540
4567
4527
4528
4526
4523
4525
4522
4361
4359
4368
4366
4757
4763
4753
4751
4754
4755
4752
4759
4805
4810
4843
4807
4808
4819
4809
4822
4823
4824
4825
4830
4829
4828
4852
4851
4744
4860
4857
4844
4845
4598
4379
4448
4485
4319
4313
4450
4463
4875
4381
4270
4486
4756
4348
4874
4499
4758
4837
4350
4489
4508
4275
4739
4466
4444
4216
4883
4457
4303
4218
4317
4835
4912
4836
4853
4855
4884
4865
4779
4778
4477
4796
4800
4806
4803
4339
4689
4479
4405
4428
4790
4918
4773
4789
4782
4769
4864
4719
4775
4785
4816
4764
4856
4718
4873
4793
4854
4596
4787
4827
4777
4365
4606
4321
4197
4562
4307
4632
4296
4293
4670
4666
4280
4377
4774
4360
4621
4574
4520
4312
4748
4398
4804
4847
4492
4430
4445
4500
4454
4453
4462
4768
4788
4461
4784
4465
4850
4265
4859
4422
4555
4556
4893
4518
4449
4519
4833
4911
4210
4902
4760
4547
4550
4592
4593
4636
4308
4622
4372
4616
4903
4385
4905
4906
4907
4356
4878
4826
4516
4792
4568
4295
4297
4407
4362
4247
4498
4552
4488
4831
4832
4591
4599
4600
4633
4535
4299
4300
4876
4861
4881
4891
4848
4870
4794
4201
4199
4200
4255
4252
4239
4279
4223
4285
4315
4417
4418
4539
4717
4742
4867
4871
4868
4480
4458
4429
4220
4795
4797
4798
4267
4427
4196
4880
4532
4745
4318
4872
4791
4320
4605
4776
4890
4213
4588
4639
4697
4543
4888
4885
4371
4397
4601
4502
4840
4767
4820
4765
4766
4887
4604
4314
4838
4849
4862
4726
4316
4922
5088
4953
4955
5082
5083
5324
5287
5177
5179
5168
4936
4931
5385
5169
5073
4998
5013
5030
5022
4942
4943
4939
4982
4963
5011
5018
5019
5275
5071
5068
5070
5072
5076
5060
5059
5058
5057
5056
5042
5043
5041
5027
5039
5040
5038
5037
5036
5033
5034
5035
5032
5029
5028
5026
4983
5004
5007
5012
5006
5005
5008
5009
5010
4977
4976
4975
4978
4971
4988
4989
4991
4969
4967
4966
4992
4960
4965
4941
4938
4937
4929
4959
4958
4954
5184
5190
5209
5222
5223
5224
5230
5235
5231
5234
5258
5259
5264
5263
5261
5274
5272
5326
5232
5233
5298
5299
5325
5323
5356
5328
5321
5354
5320
5329
5297
5381
5382
5379
5383
5384
5319
5243
5146
5216
5217
5241
5145
5156
5154
5153
5144
5133
5132
5130
5129
5118
5305
5307
5116
5306
5309
5115
5313
5314
5103
5092
5102
5100
5101
5093
5386
5084
5218
5149
5138
5139
5273
5114
4957
4928
5196
5198
5200
5199
5191
5205
5206
5201
5195
5240
5157
5185
5193
5189
5215
5214
5202
5163
5162
5165
5166
5171
5170
5164
5173
5172
5176
5183
5182
5181
5188
5186
5187
5204
5203
5192
5207
5210
5211
5212
5213
5158
5159
5160
5228
5229
5221
5236
5220
5238
5239
5151
5150
5147
5148
5248
5253
5252
5254
5255
5249
5251
5256
5250
5257
5247
5246
5242
5142
5134
5141
5140
5135
5136
5265
5271
5270
5269
5268
5267
5266
5303
5304
5119
5128
5120
5127
5126
5124
5122
5285
5283
5286
5288
5281
5345
5289
5279
5290
5293
5277
5276
5294
5332
5296
5295
5353
5278
5282
5284
5310
5322
5315
5311
5106
5094
5095
5113
5112
5107
5108
5109
5111
5280
5110
4924
5219
5143
5152
5334
5335
5339
5342
5343
5338
5336
5337
5347
5346
5349
5350
5348
5331
5387
5351
5344
5317
5352
5099
5098
5097
5365
5367
5357
5374
5373
5378
5361
5366
5369
5364
5368
5360
5375
5377
5363
5358
5096
5090
5359
5086
5087
5089
5085
5065
5064
5063
5046
5045
5055
5054
5053
5052
5047
5048
5049
5050
5051
5016
5020
5021
5023
5014
4984
4981
4985
4979
4987
4986
4970
4940
5197
5080
5079
5081
5078
5077
5002
4997
4993
4996
4995
4994
5001
5000
4926
4927
4964
4945
4944
4962
4946
4951
4950
4948
4947
4949
4933
4932
4930
5044
5262
5318
4974
5174
4972
4923
5091
5121
5362
5225
5031
5330
5226
5376
5003
4961
5291
4973
5066
5105
5244
4934
5061
4925
4980
4952
4956
5017
5371
5372
5301
5067
5260
5300
5302
5131
5161
5175
5167
5180
5370
5069
5074
5137
5123
5125
5340
5341
5355
5316
5308
5327
5025
5075
5245
4968
4990
5062
5237
5024
5117
5312
4999
5194
5292
5227
5333
4935
5208
5104
5015
5178
5380
5155
5634
5628
5853
5510
5511
5393
5732
5725
5645
5837
5639
5825
5583
5812
5447
5695
5774
5450
5734
5863
5572
5576
5575
5465
5554
5574
5555
5573
5556
5557
5558
5571
5559
5570
5568
5560
5564
5565
5626
5627
5630
5640
5629
5631
5632
5644
5642
5641
5635
5637
5638
5724
5727
5728
5729
5730
5733
5809
5806
5810
5805
5804
5811
5813
5803
5798
5802
5801
5814
5815
5841
5840
5842
5843
5844
5845
5846
5427
5425
5426
5414
5415
5424
5416
5423
5421
5417
5422
5418
5419
5420
5452
5588
5663
5657
5662
5661
5760
5654
5660
5655
5659
5761
5775
5759
5757
5790
5794
5433
5434
5435
5436
5437
5438
5439
5791
5441
5677
5433
5434
5435
5436
5437
5438
5439
5791
5441
5677
5678
5676
5672
5773
5776
5771
5680
5679
5777
5778
5779
5780
5485
5478
5532
5546
5520
5534
5539
5537
5495
5515
5516
5498
5500
5499
5501
5536
5535
5502
5503
5504
5530
5505
5527
5528
5525
5506
5508
5507
5524
5509
5512
5522
5521
5519
5513
5514
5518
5603
5614
5616
5613
5604
5612
5611
5605
5606
5607
5610
5608
5609
5715
5714
5697
5711
5862
5698
5828
5829
5827
5826
5830
5824
5821
5831
5820
5832
5819
5834
5852
5851
5856
5833
5859
5857
5858
5850
5854
5855
5849
5388
5391
5390
5389
5408
5407
5406
5405
5404
5403
5394
5395
5402
5396
5397
5401
5781
5758
5538
5479
5480
5482
5484
5545
5486
5487
5489
5490
5491
5492
5493
5477
5476
5475
5474
5547
5548
5473
5469
5471
5550
5549
5552
5470
5468
5467
5553
5466
5462
5464
5577
5578
5579
5580
5463
5581
5582
5584
5585
5461
5621
5622
5625
5619
5618
5601
5623
5598
5624
5597
5599
5602
5652
5595
5649
5594
5650
5596
5651
5593
5592
5591
5590
5664
5665
5666
5667
5668
5669
5670
5671
5716
5717
5718
5719
5696
5720
5694
5726
5692
5691
5690
5689
5686
5658
5685
5764
5765
5683
5682
5681
5766
5767
5769
5768
5675
5707
5646
5589
5481
5723
5533
5542
5699
5709
5701
5702
5703
5731
5704
5735
5736
5737
5742
5744
5755
5754
5745
5752
5746
5753
5747
5751
5749
5750
5684
5836
5818
5835
5838
5817
5816
5800
5799
5788
5787
5786
5785
5784
5783
5782
5410
5412
5411
5848
5413
5847
5428
5429
5430
5431
5432
5398
5400
5458
5459
5453
5454
5456
5457
5399
5446
5444
5443
5442
5445
5543
5673
5710
5793
5861
5483
5488
5712
5523
5822
5797
5687
5656
5807
5808
5460
5772
5409
5392
5839
5544
5566
5795
5713
5586
5587
5739
5615
5633
5721
5722
5740
5741
5688
5647
5864
5705
5706
5674
5738
5762
5763
5770
5517
5756
5823
5600
5448
5449
5451
5653
5700
5708
5561
5796
5789
5567
5472
5636
5792
5541
5620
5496
5526
5551
5648
5529
5748
5531
5643
5562
5563
5617
5860
5497
5540
5494
5693
5455
5569
5743
5440
5867
5866
5865
5868
5934
5898
5872
5881
5931
5937
5897
5886
5919
5885
5918
5910
5883
5887
5882
5877
5879
5927
5913
5890
5916
5926
5917
5876
5871
5875
5870
5922
5892
5869
5899
5914
5921
5905
5912
5906
5933
5895
5896
5928
5888
5909
5911
5874
5900
5889
5924
5873
5878
5907
5929
5923
5908
5884
5880
5935
5932
5930
5938
5920
5936
5915
5903
5901
5925
5904
5891
5948
5960
5959
5957
5952
5954
5953
5955
5956
5947
5948
5960
5959
5957
5952
5954
5953
5955
5956
5947
5950
5946
5949
5958
5951
5944
5940
5941
5942
5945
5939
5943
5961
5962
5963
5964
5965
5966
5967
5968
5969
5970
5971
5972
5973
5974
5975
5976
5977
5978
5979
5981
5980
5982
5984
5985
5986
5988
5989
5993
5987
5991
5992
5990
5994
5995
5996
5997
5998
5999
6001
6003
6004
6005
6002
6000
6006
6007
6021
6020
6011
6009
6012
6010
6017
6018
6013
6022
6015
6019
6024
6023
6014
6008
6016
6041
6046
6064
6070
6068
6037
6060
6059
6025
6058
6066
6067
6069
6026
6027
6031
6063
6054
6034
6035
6042
6032
6033
6043
6044
6045
6038
6039
6028
6029
6030
6062
6052
6053
6050
6051
6049
6036
6056
6047
6061
6040
6065
6048
6072
6071
6080
6077
6079
6073
6075
6076
6078
6082
6083
6084
6085
6086
6087
6088
6096
6098
6092
6093
6094
6104
6091
6095
6105
6106
6102
6103
6100
6099
6090
6097
6101
6089
6111
6116
6136
6129
6125
6120
6122
6118
6139
6114
6115
6110
6137
6135
6130
6128
6134
6140
6109
6123
6121
6126
6142
6132
6117
6113
6131
6141
6112
6108
6124
6133
6127
6107
6119
6138
1
2
3
20
11
16
14
8
17
4
9
10
23
22
25
12
21
18
19
24
13
26
27
28
29
30
31
32
33
34
35
36
37
38
39
40
41
42
43
44
45
46
47
48
49
50
51
52
53
54
55
56
57
58
59
60
61
62
63
64
65
67
68
69
70
71
72
73
74
75
76
77
78
79
80
81
84
83
82
85
86
87
88
91
90
89
92
93
94
95
96
97
98
99
100
101
102
103
104
105
106
107
108
114
115
116
117
118
119
120
121
122
123
124
125
126
127
128
130
131
132
133
134
135
136
137
138
139
140
141
142
143
144
145
146
147
148
149
150
151
152
153
154
155
156
157
158
159
160
161
162
163
164
165
166
167
168
169
170
65
97
66
115
22
119
122
37
133
91
6
9
103
100
102
68
78
77
43
42
16
39
87
44
27
70
38
32
34
71
86
31
52
20
19
21
95
18
30
73
35
51
17
49
101
84
67
14
54
83
80
12
24
85
13
5
76
96
116
124
123
111
132
135
112
113
125
131
109
110
48
26
128
108
106
107
136
79
82
60
88
45
29
47
55
46
93
104
28
33
10
64
8
89
118
74
129
130
4
36
127
63
62
72
40
117
120
121
15
98
7
1
23
105
90
99
69
114
57
56
25
2
61
53
59
81
58
134
11
50
137
142
145
164
158
150
153
161
163
156
159
155
140
144
139
146
147
148
154
152
157
149
162
138
151
141
160
165
166
167
168
169
170
171
172
173
174
175
176
177
178
179
180
181
182
183
184
185
186
187
188
189
190
191
192
193
194
195
196
197
198
199
200
201
202
203
204
208
206
205
207
209
210
211
212
213
214
215
216
217
218
221
223
219
220
225
227
226
224
228
229
230
231
232
233
234
235
237
236
239
238
240
241
242
245
244
246
243
247
253
251
252
249
250
248
254
255
256
257
258
259
260
261
262
263
264
266
267
268
269
270
271
272
273
274
275
280
281
282
283
284
285
286
287
288
292
293
294
295
296
297
298
299
300
301
302
303
304
305
306
307
308
309
310
311
312
313
314
315
316
317
318
319
320
321
322
323
324
325
326
327
328
329
330
331
332
333
334
335
336
341
342
343
344
345
346
347
348
349
350
351
352
353
354
355
356
357
358
359
361
362
363
367
369
364
378
368
370
361
366
373
372
365
371
379
380
381
382
383
384
385
386
387
388
389
390
391
392
393
394
395
396
397
398
399
400
401
402
403
404
405
406
407
408
409
410
411
414
417
422
416
420
419
415
418
412
413
423
421
436
434
429
431
426
427
428
435
425
432
430
433
424
437
438
439
440
441
442
443
444
445
446
447
449
448
450
451
452
453
454
455
456
457
458
459
460
461
462
463
464
466
465
467
468
469
470
471
474
475
473
472
476
477
478
479
480
481
482
483
484
485
491
490
487
493
488
492
494
489
486
495
496
498
499
497
500
501
505
502
504
506
507
508
509
510
511
512
513
514
515
516
517
518
519
520
521
522
523
524
525
526
527
528
529
530
531
532
533
534
535
540
541
542
543
544
545
546
547
548
549
550
551
552
553
554
555
556
557
562
561
563
564
567
566
565
568
570
574
572
571
573
575
576
577
580
579
578
581
582
583
584
586
587
585
588
589
590
591
592
593
594
595
596
597
598
599
600
601
602
603
604
605
606
607
608
609
610
611
612
613
614
615
616
617
618
619
620
621
622
623
624
625
626
627
628
630
629
631
632
633
634
635
636
637
639
638
643
641
642
640
644
646
645
648
647
649
649
650
654
655
652
653
651
656
657
658
659
660
661
664
663
662
665
666
667
668
