1
2
3
4
5
6
7
8
9
10
11
12
13
14
15
16
17
18
19
20
21
22
23
24
25
26
27
28
29
30
31
32
33
34
35
36
37
38
39
40
41
42
43
44
45
46
47
48
49
50
51
52
53
54
55
56
57
58
59
60
61
62
63
64
65
66
67
68
69
70
71
72
73
74
75
76
77
78
79
80
81
84
82
83
85
86
570
558
310
301
418
421
568
125
514
299
259
376
241
396
269
109
111
322
286
287
274
275
276
317
166
466
171
440
220
507
488
226
375
248
227
438
485
425
221
328
183
209
215
416
431
523
179
239
203
235
380
333
437
361
541
429
348
110
172
532
352
517
471
511
442
250
533
489
321
497
389
307
410
449
355
402
422
397
468
149
188
167
318
383
157
279
253
504
126
510
94
340
264
148
129
187
285
101
270
249
362
336
350
315
143
170
223
432
296
298
231
388
228
329
197
246
219
273
426
539
395
458
543
407
237
229
236
255
452
278
486
447
522
540
435
106
141
218
542
482
1057
1058
1029
1026
691
1013
1055
833
1054
1030
696
852
865
866
867
869
870
871
872
873
874
875
731
854
855
856
732
733
734
735
736
737
738
743
857
858
859
860
861
862
747
748
749
750
751
754
755
756
759
760
761
762
763
764
765
766
853
863
864
670
1014
701
671
685
669
672
657
595
590
677
678
666
667
690
1005
1000
662
664
665
616
655
578
911
922
884
651
992
903
902
946
629
876
832
955
836
801
815
807
573
991
999
891
790
775
896
927
645
828
900
627
897
895
676
808
898
633
905
805
827
806
835
792
819
977
817
799
668
936
913
909
644
813
879
958
621
726
970
812
1006
698
883
694
700
713
769
635
844
768
820
660
899
777
793
811
916
845
772
941
824
938
692
838
919
969
778
705
699
706
803
640
715
684
848
785
887
723
839
920
794
648
679
957
770
642
614
837
643
933
767
780
907
952
1071
990
886
663
924
586
926
996
574
908
892
631
959
947
878
675
931
935
659
783
782
695
791
632
579
997
718
725
945
650
893
638
910
714
703
800
789
704
773
711
634
594
915
717
673
847
822
786
917
776
724
795
576
787
781
779
720
771
818
710
797
708
967
994
821
593
843
814
923
890
721
646
809
963
575
637
626
802
987
829
840
641
709
980
989
688
816
784
877
639
961
722
652
979
986
647
993
712
880
587
894
796
649
617
615
624
681
716
589
966
798
661
577
851
625
580
636
942
940
831
686
702
689
943
939
774
707
788
985
628
918
981
656
968
921
983
682
934
932
592
930
588
972
654
965
951
973
630
988
960
962
964
971
1002
998
974
975
978
982
572
571
1007
1004
1003
658
584
583
582
581
925
929
889
885
623
949
950
954
953
937
674
687
683
944
948
680
620
618
1031
1018
653
591
804
888
825
912
976
995
850
585
882
906
956
830
928
693
868
984
914
1045
1022
757
1001
1017
1069
697
810
744
745
746
881
719
1070
752
753
741
739
742
740
758
729
730
728
727
1063
1067
849
904
841
1015
1068
1040
1012
596
597
598
599
1064
1041
600
601
602
1039
823
1047
1025
901
1009
1046
1036
1011
1024
1010
826
1066
1035
622
846
606
604
603
1048
1037
1034
1042
605
1065
1051
609
608
607
1027
1023
1049
1053
1020
619
1052
1028
1050
1016
1019
1056
1043
1044
1021
1033
842
1062
1038
610
613
612
611
1061
1032
1059
1008
1060
834
332
268
503
104
484
217
156
480
238
535
544
245
479
487
546
88
428
433
349
145
411
304
210
222
202
405
531
547
414
160
530
481
498
277
257
387
537
305
323
155
538
194
494
373
351
198
358
282
545
200
476
474
475
339
341
467
469
470
477
473
460
490
464
465
454
457
496
495
451
502
500
499
453
508
448
450
509
335
512
516
446
443
520
519
518
513
444
377
378
386
381
382
393
363
391
390
374
400
357
399
359
360
406
404
403
354
415
337
412
409
408
314
313
331
334
417
303
324
306
319
289
297
300
325
302
272
258
280
281
284
254
256
262
271
261
144
146
267
263
265
153
150
136
138
139
134
135
165
162
154
204
132
133
169
117
121
122
130
131
115
177
174
173
120
105
182
108
180
178
102
185
184
87
199
192
99
189
91
152
147
114
251
492
439
96
316
394
240
107
260
515
483
372
371
283
413
168
205
113
112
216
252
247
190
461
214
312
175
142
93
379
441
364
370
365
309
455
456
288
290
434
342
343
344
345
244
89
196
232
369
424
423
462
463
493
103
137
430
528
293
294
295
401
206
207
208
367
569
338
233
356
459
419
420
212
195
534
368
472
127
128
90
436
124
151
427
140
201
506
478
193
243
330
501
116
266
385
158
159
311
346
347
291
292
353
536
527
526
560
566
561
565
563
564
562
308
392
548
550
557
549
556
234
529
552
554
384
559
230
555
191
525
92
551
123
213
186
553
97
98
100
491
505
224
521
327
326
95
398
181
366
225
445
176
524
320
242
211
567
161
164
163
118
119
1072
1073
1074
1075
1076
1077
1078
1079
1080
1081
1082
1083
1084
1085
1086
1087
1088
1089
1090
1091
1092
1093
1094
1095
1096
1097
1098
1099
1101
1102
1103
1104
1105
1106
1107
1109
1110
1112
1113
1114
1115
1116
1117
1120
1121
1122
1123
1124
1125
1126
1127
1128
1129
1130
1131
1132
1133
1134
1135
1136
1139
1137
1140
1141
1142
1138
1255
1343
1682
1192
1752
1670
1714
1750
1676
1738
1214
1198
1567
1285
1754
1320
1763
1264
1715
1550
1696
1751
1735
1744
1287
1277
1283
1281
1282
1280
1291
1290
1685
1253
1146
1263
1262
1278
1279
1284
1286
1301
1303
1300
1299
1298
1297
1296
1295
1294
1286
1301
1303
1300
1299
1298
1297
1296
1295
1294
1293
1665
1675
1690
1702
1728
1464
1555
1646
1647
1766
1465
1258
1730
1681
1529
1774
1741
1346
1350
1460
1238
1248
1644
1211
1417
1627
1402
1314
1593
1386
1223
1501
1586
1195
1490
1485
1345
1449
1327
1482
1561
1565
1205
1446
1572
1420
1161
1220
1160
1382
1415
1359
1321
1342
1500
1185
1236
1394
1499
1441
1642
1487
1204
1512
1511
1172
1181
1183
1157
1242
1455
1249
1182
1324
1322
1599
1231
1247
1582
1165
1328
1412
1362
1390
1234
1306
1574
1491
1451
1374
1208
1237
1311
1489
1329
1434
1229
1471
1562
1502
1240
1408
1483
1224
1409
1389
1509
1476
1445
1380
1308
1207
1245
1347
1578
1209
1447
1488
1643
1645
1216
1190
1479
1435
1357
1438
1468
1577
1371
1650
1370
1226
1361
1219
1413
1503
1569
1432
1418
1486
1351
1584
1570
1571
1312
1203
1459
1196
1495
1560
1228
1194
1388
1631
1480
1200
1378
1428
1640
1429
1563
1600
1422
1344
1187
1458
1439
1508
1463
1348
1179
1575
1391
1338
1251
1629
1354
1233
1152
1591
1235
1310
1404
1481
1608
1246
1210
1241
1221
1641
1365
1708
1585
1217
1772
1319
1164
1335
1427
1579
1597
1425
1419
1392
1399
1660
1706
1687
1171
1590
1580
1568
1506
1239
1505
1162
1686
1466
1355
1566
1452
1215
1199
1448
1457
1656
1411
1469
1658
1603
1197
1581
1625
1410
1368
1232
1689
1704
1454
1667
1372
1401
1431
1213
1166
1252
1705
1323
1436
1222
1349
1230
1564
1178
1191
1158
1662
1655
1583
1353
1243
1206
1759
1325
1606
1175
1188
1218
1331
1250
1383
1309
1635
1475
1652
1385
1189
1639
1397
1633
1330
1407
1467
1227
1462
1472
1426
1289
1470
1478
1244
1336
1654
1201
1648
1288
1765
1637
1632
1596
1174
1497
1602
1510
1513
1225
1595
1184
1638
1628
1634
1381
1395
1337
1626
1430
1176
1709
1630
1504
1149
1400
1159
1492
1712
1163
1363
1144
1156
1443
1678
1202
1668
1373
1693
1673
1587
1186
1396
1339
1177
1707
1494
1398
1416
1727
1193
1659
1379
1713
1701
1653
1666
1367
1589
1440
1444
1474
1442
1617
1406
1618
1723
1518
1699
1424
1717
1747
1726
1588
1621
1525
1304
1305
1739
1594
1775
1776
1737
1180
1740
1732
1598
1360
1384
1387
1302
1254
1556
1167
1558
1517
1169
1155
1527
1623
1536
1523
1154
1524
1553
1514
1601
1515
1545
1607
1731
1541
1559
1315
1173
1375
1341
1507
1450
1148
1516
1473
1212
1423
1143
1528
1453
1317
1318
1711
1697
1592
1573
1554
1694
1692
1698
1688
1734
1700
1333
1657
1683
1671
1669
1674
1307
1534
1376
1456
1691
1533
1624
1461
1718
1725
1736
1557
1551
1760
1756
1757
1758
1716
1477
1767
1768
1769
1770
1771
1695
1636
1358
1664
1663
1313
1496
1749
1748
1755
1719
1720
1721
1722
1684
1493
1761
1762
1539
1614
1677
1764
1733
1552
1703
1332
1532
1334
1710
1661
1498
1724
1366
1649
1521
1537
1530
1547
1548
1542
1543
1544
1531
1377
1356
1520
1437
1549
1259
1265
1393
1261
1538
1260
1151
1292
1316
1268
1266
1604
1271
1267
1170
1269
1540
1273
1256
1270
1257
1153
1519
1522
1352
1680
1742
1743
1729
1168
1651
1369
1679
1272
1274
1275
1276
1535
1526
1546
1620
1613
1612
1615
1619
1484
1414
1147
1611
1610
1616
1622
1609
1605
1421
1773
1340
1145
1150
1576
1403
1672
1433
1746
1745
1753
1405
1326
1364
2235
2348
1959
2216
2272
2361
2366
2382
2080
2280
2262
2137
2432
1961
2071
2198
2427
2416
2265
1872
2082
2251
2441
2172
1884
2156
2069
2250
1856
2065
2460
2104
1995
1925
2086
2413
2185
2128
2171
2129
2031
1953
2328
2450
1891
2350
2111
2001
1937
1866
1939
2158
2403
1900
2391
2461
2116
2423
2149
2120
2249
1993
2453
2099
2452
1882
2329
2026
2305
1870
2164
2344
2318
1907
2335
1952
2296
2302
2025
2445
2412
1846
1901
1997
1980
2293
2255
1971
2357
1848
2208
2256
1926
2021
1922
2411
2233
2002
2254
2077
1871
1875
2052
2182
1832
1793
2323
1843
1779
1830
2090
2400
2399
2308
1836
1854
1874
2142
1801
1885
1991
1822
2057
1963
2188
2048
2146
2187
2180
2229
2284
1889
2075
2447
2431
2386
2199
1977
2269
2204
2406
1929
2109
2033
2290
2304
1803
1782
2339
2189
2277
2095
1827
2267
2157
2070
2439
2430
2009
2244
2105
2092
2421
1820
1842
1860
1778
2029
2314
2435
1840
1784
2178
2409
2410
2414
2011
2383
2356
2355
1932
2114
1831
2291
2319
2140
2133
2131
2215
1987
1847
2174
2177
2273
2285
2295
1946
2060
2148
2242
2261
1849
2454
2102
2422
2375
1815
1920
2301
2203
2179
2253
2044
2127
1894
1919
2436
2217
2214
1802
2322
2270
1798
1918
2135
2300
2239
2395
2169
2192
2346
1972
1994
2183
2358
1858
2041
1989
2008
2200
2132
2159
2303
2213
2341
1983
2110
2332
2096
2170
2309
2418
2419
2420
2342
2276
2294
2321
1795
2201
1799
2059
1957
1906
2343
2220
2088
1892
2196
1913
1861
1978
2297
2266
1940
2193
1967
1828
2013
1899
1823
2444
1969
1956
2113
2073
1908
1904
2190
2125
1783
2106
2124
2327
2195
2389
1791
1955
2045
1837
2260
2087
2463
1914
1944
2275
2191
2141
2047
2433
1948
2046
2257
2455
2459
2049
2334
1910
1895
1902
2388
1962
2072
2038
2404
1857
2101
1921
2119
2352
2230
2232
2398
2134
2219
2209
2212
2451
2218
2438
2402
2282
1936
2202
1990
2347
1905
2408
2278
2167
1984
1845
1881
2449
1787
2241
2424
1777
2417
1810
2153
1924
2020
1992
1841
1999
1812
2152
2351
2173
2205
2089
1824
2396
2283
2245
1930
1821
1943
2018
1790
2063
2043
1947
2243
2161
1785
1788
1806
1883
1965
1941
1934
1938
2123
2279
1785
1788
1806
1883
1965
1941
1934
1938
2123
2279
2147
2462
1949
2397
1859
2003
1864
1964
1796
2107
2076
2012
1819
2405
2437
2061
1786
1808
2184
2151
1917
1951
2007
2364
2186
2345
1950
1863
2055
2022
2117
1865
2067
2138
2206
2360
2028
2056
1954
2231
2292
2054
2103
2263
1878
2168
1976
1973
2440
2040
2228
2234
1876
2320
1835
2098
2299
2181
1893
2264
2315
2166
1880
2162
2155
2211
2246
2442
1829
2136
2122
2223
2359
2210
2091
2443
1867
1928
2446
1797
2288
2081
2079
2083
2326
1958
1816
2039
2051
2365
1862
1896
1915
2240
1809
1800
2338
2379
2030
2259
2236
2353
1868
1979
2372
1931
1909
2097
2035
2027
2034
2115
2145
2376
2385
2274
1927
1850
2126
2331
2330
2197
1970
2340
2066
1814
1887
2010
2024
2248
1811
1886
2016
2019
2252
1982
2036
2333
2017
1818
2207
1780
2363
2094
2281
2258
1855
2307
1923
1873
2247
2286
1794
2458
2370
2456
2221
2015
2390
2336
2426
2238
1968
1897
2144
1826
2448
2139
1985
2312
2374
2407
1804
2085
2023
1817
1813
1805
2064
2324
1911
2224
2032
2362
2005
2227
2226
2004
2464
2465
2467
2378
2298
2118
1792
1945
2112
2058
1839
2401
2074
1781
2084
1888
1879
1890
2194
1838
2381
1903
2394
2392
1960
1825
1869
1942
2349
1844
2078
2042
2429
2457
2415
1981
1935
2150
1933
2093
2160
1912
1851
1852
1853
2380
2428
2222
2108
1898
2237
2434
1988
2466
2225
2313
2271
2371
2425
1966
1974
2316
2068
2268
1998
2354
1789
2175
2377
2006
2000
1996
2176
2306
1877
1975
1916
2367
2368
2369
2311
2165
2154
2050
2373
2053
2037
2337
2387
2310
2143
2384
2163
1986
2317
2289
2287
2325
2130
1833
1834
2121
2062
2393
2100
2014
1807
2468
2469
2470
2471
2472
2473
2474
2475
2476
2477
2478
2529
2500
2491
2524
2541
2527
2485
2487
2492
2498
2497
2479
2484
2482
2480
2501
2490
2483
2503
2481
2537
2536
2535
2533
2531
2488
2526
2525
2499
2486
2505
2495
2496
2493
2489
2539
2494
2532
2540
2511
2512
2513
2514
2515
2516
2506
2507
2508
2509
2510
2517
2518
2523
2519
2520
2521
2522
2504
2530
2534
2538
2528
2502
2542
2543
2544
2545
2546
2547
2548
2548
2549
2550
2551
2552
2553
2554
2555
2556
2557
2558
2570
2571
2577
2589
2587
2586
2583
2582
2581
2574
2567
2578
2563
2566
2559
2562
2561
2565
2580
2576
2564
2579
2568
2575
2569
2590
2560
2592
2573
2585
2584
2572
2591
2593
2594
2595
2620
2599
2611
2609
2604
2605
2619
2617
2610
2612
2615
2603
2618
2596
2601
2621
2616
2607
2602
2606
2600
2598
2613
2597
2608
2614
2622
2623
2624
2625
2626
2627
2628
2629
2630
2631
2632
2634
2635
2633
1
2
3
4
5
6
7
8
9
10
11
12
13
14
15
16
17
18
19
20
21
22
23
24
25
26
27
28
29
30
31
32
33
34
35
36
37
38
39
40
41
42
43
44
45
46
47
48
49
50
51
52
53
54
55
56
57
58
59
60
61
62
63
64
65
66
67
68
69
70
71
72
73
74
75
76
77
78
79
80
81
82
83
84
85
86
87
88
89
90
91
92
93
94
95
96
97
98
99
100
101
102
103
104
105
106
107
108
109
110
111
112
113
114
115
116
117
118
119
120
121
122
123
124
132
133
139
150
147
146
144
143
136
129
127
140
128
142
125
126
135
138
141
130
131
151
152
145
134
137
148
149
153
173
178
167
170
194
195
163
164
156
183
174
176
177
181
179
186
162
159
205
196
193
157
182
169
160
161
191
165
185
198
199
202
200
203
171
189
155
154
192
197
175
166
188
204
190
158
184
180
187
168
201
172
206
235
208
211
239
236
237
207
238
212
215
216
209
213
232
233
234
217
218
219
227
228
229
230
231
220
221
222
223
224
225
226
214
210
243
240
241
244
245
246
247
270
262
267
261
256
260
264
266
269
263
273
253
274
275
272
255
251
250
248
254
268
258
259
257
252
249
265
271
277
276
286
283
282
280
279
285
288
289
278
290
284
281
287
291
292
293
294
295
296
297
298
299
300
301
302
303
304
305
306
307
308
309
310
311
312
313
314
315
316
317
318
319
320
321
322
323
324
325
326
327
328
329
331
332
333
334
337
336
335
345
344
338
347
343
342
349
346
348
341
339
340
350
351
352
353
354
355
356
357
358
359
360
361
362
363
364
365
366
367
368
369
370
371
372
373
374
375
376
377
378
379
380
381
382
383
384
385
386
387
388
389
399
392
400
394
405
404
391
390
407
398
406
396
395
402
403
397
393
401
408
409
410
411
412
413
429
430
431
432
415
416
417
425
426
427
428
418
419
420
421
422
423
424
414
433
434
435
436
437
438
439
440
441
442
443
444
445
446
447
448
449
450
451
452
453
454
455
456
457
459
470
463
475
461
458
471
468
469
472
465
462
467
460
464
466
473
474
476
477
479
478
480
481
482
483
484
488
487
486
490
491
489
485
493
492
497
494
495
499
496
498
500
501
502
503
504
505
506
507
508
509
510
511
512
513
515
514
516
517
518
519
520
521
522
523
524
525
526
528
531
529
532
530
527
533
534
535
536
537
538
539
540
541
542
543
544
545
