1
4089
4024
4196
4316
4365
4379
4158
4087
4086
4084
4083
4148
3982
4078
4082
4111
4093
4034
4030
4029
3992
3990
3859
3861
3930
3926
3867
3895
3846
3843
3842
3839
3971
3965
3964
3944
3938
4045
4043
4042
3973
3972
4056
4050
4049
4048
4047
4062
4063
4064
4118
4075
4138
4141
4143
4146
4169
4027
3999
4127
4133
4137
4203
4200
4195
4192
4286
4285
4311
4309
4216
4411
4412
4417
4302
4289
4409
4372
4337
4338
4345
4352
4364
4318
4322
4324
4335
4242
4245
4268
4272
4277
4161
4164
4226
4224
4231
4680
4694
4698
4699
4706
4433
4550
4464
4468
4469
4581
4565
4419
4423
4428
4430
4455
4438
4451
4453
4188
4186
4135
4555
4157
4166
3975
4165
3955
4194
4445
3936
4279
4474
4129
4434
4144
3925
4035
3863
4696
4313
4697
4426
3901
4351
3896
4331
4125
4154
4353
4073
3932
4454
4108
4317
4332
3978
4460
4381
4256
4283
4005
4130
4222
4122
4558
4235
4239
4198
3860
3993
4019
4162
3981
4466
4307
4482
4420
4431
4267
3911
4563
4568
4457
4229
4053
4139
3989
4567
4481
3883
4262
3928
4370
4360
4116
3887
4121
4103
3976
4321
4275
3947
3852
4080
4479
4276
4112
4104
3892
3889
3877
3849
3837
3866
3986
3983
4181
4054
4052
4040
3952
4220
3996
3997
4131
4177
4405
4393
4223
4334
4340
4348
4371
4258
4263
4271
4323
4325
4156
4159
4228
4234
4701
4686
4490
4491
4461
4571
4554
4485
4489
4391
4399
4175
4354
3934
4358
4227
3847
4408
3937
3841
3957
4097
3880
3902
4278
3910
4333
4126
4145
3845
4092
4160
4418
3882
4219
4072
4427
4446
4492
4375
4378
3970
4173
4070
3854
4681
4076
3905
3890
3874
3939
4329
4069
4057
3856
4167
4570
4213
3912
4440
4319
3857
4081
4044
3951
4101
3888
3848
4344
4330
4178
4134
3961
3914
4010
4422
4395
3918
4002
4155
4380
4678
4176
4396
3998
4579
4421
3875
4026
4441
4233
4065
3924
4163
3885
4487
4551
4576
4187
4055
4308
4105
4397
4095
3956
4006
3907
4389
4674
4306
4553
4315
4023
4673
4675
4051
4036
4390
4028
4071
4171
4240
4572
4085
4128
4168
4703
4284
3960
4373
3945
4677
3946
3838
3929
4018
4218
4140
4560
4346
4387
4255
4682
4574
4247
4206
4136
4039
3916
3943
4400
4250
4249
4090
4695
4288
4355
4293
4067
4310
5213
5214
5172
5176
5171
5095
4963
5084
5080
5066
4996
5085
5027
5018
4955
4953
5101
4959
5105
4994
4998
5055
5225
5168
5165
5029
4991
5087
4997
5000
4294
5132
5129
5159
5160
5163
5131
5128
5106
5097
5177
5104
5020
5096
5062
5059
5022
5098
4962
4958
5089
5158
5166
5079
5127
4952
5088
5133
5058
5223
5063
5122
5130
5170
5156
4990
4676
5124
4960
4066
5162
4003
5028
4185
5205
5179
5174
5218
4957
5061
5212
5208
5002
5009
5017
5126
5015
5169
4866
4987
5255
5220
5206
5060
4871
4864
4988
4349
5081
4705
3868
3891
3969
3913
3862
3870
3898
3893
4305
4357
4989
5102
4150
4204
4394
5222
4947
3988
5021
5227
4362
5030
5094
4995
5100
4937
5086
5173
5207
4068
5064
4017
4861
4798
4656
4584
4660
4720
4658
4531
4595
4747
4790
4583
4739
4783
4603
4795
4794
4521
4856
4826
4784
5082
5164
5004
5125
5057
4954
5228
4520
4992
4377
5123
4805
5175
4719
5150
5197
5193
4184
3985
4022
5262
4731
5091
4513
4170
4230
5005
5226
5006
4591
4374
5141
4025
4715
4000
4797
4214
3948
4948
3963
5016
3906
4488
4142
4862
4999
4404
4557
4796
5216
5077
4707
4575
5108
5103
5180
5209
5217
5120
5121
5161
5221
4780
4031
4304
4303
4811
4764
5210
4808
4459
4442
4449
4900
4291
5068
4730
5240
5003
3942
5099
4225
4281
4467
4688
3884
5014
3958
4013
5153
4586
3974
4655
3851
5008
4949
4612
4606
4879
4767
5178
4891
4851
4820
5167
5136
4232
5134
5023
4519
5203
4096
4762
5182
4610
4649
4729
4961
4392
4787
4804
5157
5181
4475
4711
4712
4549
4653
4179
3950
5155
4363
5067
4709
4740
3940
4666
4791
4714
5083
4818
4386
3844
5010
4382
4637
4587
4662
4786
4016
4483
4782
4593
3858
4452
4648
4765
4651
4888
4870
5110
4210
4993
5238
4633
5211
4659
4683
4799
4812
4320
4257
3864
3865
4588
4590
4599
4517
4602
4601
4538
4525
4585
4403
4530
5154
4855
4529
4526
4858
4817
4684
4685
4779
4803
3872
4815
4708
4314
4312
4211
5191
5090
5076
5139
5189
4828
4842
4827
5198
5070
4841
5074
5202
4840
5071
5184
4537
4512
4689
4693
4528
4546
4741
4898
4717
4766
4801
4033
4032
3959
4950
3991
3921
3919
3922
4401
5204
4931
4679
4736
4545
4638
4536
3855
4940
4383
5233
3923
5196
4199
5045
4985
4254
5115
4965
4969
4266
5140
4975
4976
4986
4432
4847
4848
4456
4822
4821
3949
5116
4361
4845
4883
5033
5049
5051
5012
4924
4909
4515
5007
4941
4944
4867
4853
4562
4120
4854
4608
4046
4592
5137
4789
4716
4253
4809
4183
5200
4830
4974
4973
4760
4878
4241
4102
3897
4328
4327
5119
4202
4893
3995
4911
4921
4922
3977
5152
4932
5151
4852
4894
4925
3881
4892
4938
4846
4890
4887
5195
4868
5237
4718
5234
5199
5242
5236
5258
5260
4816
4857
4806
4770
4516
4502
4282
4778
4746
4636
4632
4624
4494
4617
4503
4619
4614
4623
4496
4511
4777
4874
4725
4781
4732
4771
4734
4745
4548
4547
4743
4643
4635
4604
4539
4540
4654
4663
4582
4735
4769
4510
4544
4785
4665
4876
4652
4088
4569
4773
4776
4518
4775
4463
4462
4429
4493
4737
4448
4447
5065
4037
4020
4860
5142
4215
4436
4629
4209
4236
5224
5235
5231
4792
4768
4611
4543
5042
4060
4061
4059
4058
3954
4802
3953
4406
4407
4913
4640
4905
4744
4292
4246
4759
4667
4287
4009
4007
4902
4691
4690
4664
4968
5039
4264
4004
4368
4369
5032
5031
5146
4341
4342
4343
4956
4106
4936
4212
4180
4967
4248
4618
4600
4532
4533
4534
4535
3894
4880
5253
5024
4119
4970
4823
4824
5053
5187
4402
5078
5114
4899
5107
5250
5047
5219
5111
4978
4001
4573
4914
5256
5257
4912
4495
4385
4398
4290
5072
5025
5050
4472
4473
4896
5117
4738
4728
4933
4910
4984
4918
4793
4598
4647
4506
4634
3878
4197
4470
4726
4788
4942
4153
4099
4597
4810
4498
4763
4863
4839
4273
4274
5251
4869
4807
4630
4021
4594
5073
4819
4561
5011
4527
5247
5245
4825
5109
5201
5239
4800
5185
5194
5148
4946
4849
4850
4873
4872
4079
4114
4113
4041
4509
5244
4813
4269
4774
3933
4514
4865
4541
4524
4523
4522
4589
4465
4259
4499
4710
4875
4951
5192
4542
4626
4270
4124
5186
4657
4508
4507
4501
4877
4471
4727
3899
4201
4376
5246
3903
5069
4772
5249
4646
5215
5232
4607
4755
4837
4834
4642
4641
4639
4843
4149
4713
5147
3850
4838
4884
5112
4435
5013
5259
4476
4477
4889
5248
4615
4756
4751
4753
4833
5143
5188
5145
4829
4943
4596
4609
4484
4644
4645
3920
4098
4238
4193
4504
5190
5026
4901
4191
4886
4906
4907
4497
4424
4425
4074
4413
4415
4416
4628
4627
4620
3966
3967
4295
4296
4297
4298
4299
4300
4207
4260
4631
5183
4616
4724
5138
4613
4859
4625
4669
4668
5113
4670
1
2
3
4
5
6
7
8
10
12
14
16
18
20
21
22
23
26
28
24
32
34
30
36
38
40
42
43
47
45
50
49
51
53
54
55
56
58
57
59
60
61
62
64
63
65
78
68
66
69
67
76
74
75
77
71
70
73
72
83
81
82
80
84
85
79
88
86
90
95
92
94
97
99
103
101
105
107
113
109
111
115
117
119
121
123
125
127
129
133
132
131
137
135
151
143
139
141
147
145
149
164
174
168
172
162
160
153
166
178
161
176
155
156
170
159
157
184
188
186
192
181
183
180
196
194
190
200
198
200
202
198
204
27
18
16
15
8
23
26
9
19
40
133
31
34
38
22
13
14
11
12
3
64
24
33
10
141
143
66
65
135
67
59
56
69
142
52
68
55
127
129
130
138
139
1
2
62
54
63
4
50
49
57
6
137
61
136
25
37
128
126
7
20
71
72
73
74
75
76
77
78
79
80
81
82
140
5
87
88
89
90
83
84
85
86
60
91
93
94
95
96
97
98
99
100
101
102
103
104
105
106
107
108
109
110
111
112
113
114
58
115
116
117
118
119
120
125
47
132
48
121
122
123
124
92
17
51
53
46
131
30
39
43
45
35
36
28
29
44
32
21
70
134
42
41
184
227
209
167
210
211
174
154
213
219
221
223
224
185
188
195
230
192
197
199
206
207
214
215
170
176
177
144
228
163
162
160
159
158
201
204
148
149
150
175
152
202
169
190
232
145
200
182
179
226
196
194
151
217
220
164
146
234
156
218
157
155
153
173
168
225
165
212
208
180
166
161
233
216
171
172
222
181
198
186
193
191
178
231
203
205
183
229
187
147
189
298
277
290
273
246
289
288
266
280
247
269
272
300
243
295
299
310
306
276
245
282
292
294
305
304
303
296
309
248
253
238
291
302
301
236
293
283
270
268
240
279
287
308
286
258
284
259
264
257
267
263
265
261
250
285
281
244
242
307
252
239
251
249
262
235
256
274
271
275
241
311
312
297
237
254
255
260
278
313
323
330
328
327
322
317
319
318
320
314
334
329
324
315
332
333
326
325
331
316
321
313
336
338
339
337
335
342
340
341
343
344
349
347
363
364
348
361
353
362
356
352
365
346
358
345
351
355
354
357
359
360
350
368
370
366
369
371
373
367
372
374
375
376
377
378
383
381
385
379
382
384
380
386
387
388
389
390
391
392
393
394
395
396
397
398
399
400
401
402
403
404
405
406
407
408
409
410
411
412
413
415
416
1
2
3
4
5
6
7
8
9
10
11
12
13
14
15
16
17
18
19
20
21
22
23
24
25
26
27
28
29
30
31
32
33
34
35
36
37
38
39
40
41
42
44
45
46
47
48
49
50
51
52
53
54
55
56
58
60
62
64
66
68
70
72
74
76
77
78
79
80
81
82
83
84
85
86
87
88
89
90
91
92
93
94
95
96
97
98
99
101
102
103
104
106
108
110
112
113
115
117
118
119
121
123
125
126
127
128
129
130
131
132
133
134
136
138
140
142
144
146
148
150
152
153
155
157
159
160
162
164
166
168
170
172
174
176
178
180
182
184
186
188
190
192
194
196
199
200
202
203
204
205
206
207
209
211
213
215
217
219
221
223
225
227
229
231
232
234
235
236
238
240
242
244
246
248
249
250
251
253
254
255
256
257
258
260
262
263
265
266
267
268
269
271
272
273
274
276
277
279
281
282
284
285
286
287
288
289
290
292
293
294
295
296
297
298
299
300
301
302
303
304
305
306
307
308
309
310
311
313
315
316
318
319
320
321
322
323
325
326
328
330
331
332
333
334
336
338
339
340
341
343
344
346
348
350
351
353
355
356
357
359
361
363
365
366
367
368
369
370
371
373
375
377
379
381
383
384
386
387
388
390
392
394
396
398
399
400
402
404
405
407
408
410
412
413
415
416
417
419
421
423
425
426
428
430
431
432
433
434
435
436
437
438
439
440
441
442
444
443
445
446
447
448
449
451
452
454
456
458
459
460
461
462
463
464
465
466
467
468
469
470
472
474
476
478
478
478
478
478
478
478
480
482
484
486
489
493
491
495
497
499
501
503
505
507
509
511
511
511
511
511
511
511
511
511
511
511
511
511
511
511
511
511
511
511
511
511
511
511
511
511
511
511
511
511
511
511
511
511
511
511
511
511
511
511
511
511
511
511
511
511
511
511
511
511
511
511
511
511
511
511
511
511
511
511
511
511
511
511
511
511
511
511
511
511
511
511
511
511
511
511
511
511
513
511
513
511
513
511
513
511
513
511
513
511
513
511
513
511
513
511
513
511
513
511
513
511
513
511
513
511
513
511
513
511
513
511
513
511
513
511
513
511
513
511
513
511
513
511
513
511
513
511
513
511
513
511
513
511
513
511
513
511
513
511
513
511
513
511
513
511
513
511
513
511
513
511
513
511
513
511
513
511
515
513
511
515
513
511
515
513
511
515
513
511
515
513
511
515
513
511
515
513
511
515
513
511
515
513
511
515
513
511
515
513
511
515
513
511
515
513
511
515
513
511
515
513
511
515
513
511
515
513
511
515
513
511
515
513
511
515
513
511
515
513
511
515
513
511
515
513
511
515
513
511
515
513
511
515
513
511
515
517
513
511
515
517
513
511
515
517
513
511
515
517
513
511
515
517
513
511
515
517
513
511
515
517
513
511
515
517
513
511
515
517
513
511
515
517
513
511
515
517
513
511
515
517
513
511
515
517
513
511
515
517
513
511
515
517
513
511
515
517
513
511
515
517
513
511
515
517
513
511
515
517
513
511
515
517
513
511
515
517
513
511
515
517
513
511
515
517
513
511
515
517
513
511
515
517
513
511
515
517
513
511
515
517
513
511
515
517
513
511
515
517
513
511
515
517
513
511
515
517
513
511
515
517
513
511
515
517
513
511
515
517
513
511
519
521
523
525
527
529
531
533
535
537
539
541
543
545
547
549
551
553
554
555
556
557
558
559
560
561
562
563
564
565
566
567
568
569
572
574
576
578
579
581
583
585
587
589
591
593
595
597
599
601
603
605
607
609
610
612
613
615
616
617
619
621
622
623
624
626
628
629
631
633
635
637
638
640
642
643
645
647
649
650
652
653
654
656
658
660
661
663
665
666
667
669
671
672
674
675
676
677
678
679
681
683
684
686
688
689
690
692
693
694
695
696
698
701
703
704
705
706
707
708
710
711
712
714
715
717
718
720
722
724
726
728
730
732
734
736
746
747
744
742
743
745
741
740
739
738
746
747
744
742
743
745
741
740
739
738
748
749
750
752
754
755
756
758
760
762
763
764
766
767
768
770
771
772
774
776
778
780
782
784
786
788
790
791
793
795
797
799
801
803
805
807
808
810
812
814
815
817
818
820
821
823
826
827
829
831
833
835
836
839
841
843
844
846
848
850
851
853
855
857
859
861
862
863
864
865
866
868
870
871
872
873
874
875
876
879
880
881
883
885
886
887
888
890
892
894
896
898
900
902
904
905
907
909
910
912
914
916
918
920
922
924
925
926
928
930
932
934
936
938
940
942
944
946
947
948
950
952
954
956
958
960
962
964
966
