1
2
3
4
5
6
7
8
9
10
11
12
13
14
15
16
17
18
19
20
21
22
23
24
36
52
40
34
26
35
50
32
39
28
25
29
31
49
58
66
59
64
62
33
27
65
46
48
60
63
53
61
45
55
67
42
38
43
57
41
54
51
56
44
37
30
47
68
70
69
71
75
72
73
76
74
77
78
79
80
81
82
83
84
85
86
87
88
89
90
91
93
92
94
95
96
97
98
99
100
101
102
103
104
105
106
107
108
109
110
111
112
113
114
115
116
117
118
164
168
195
223
209
170
177
181
233
235
228
226
204
238
239
240
167
169
205
227
216
213
178
200
199
198
196
163
165
182
183
176
175
243
247
248
210
214
186
244
245
187
241
221
220
217
203
237
171
172
192
191
201
179
188
197
229
190
184
230
180
193
211
208
225
166
215
206
224
234
173
212
222
134
118
119
120
135
136
121
122
123
124
130
131
132
133
174
129
128
127
126
125
137
143
138
139
140
141
142
236
219
149
148
147
146
145
144
152
151
207
150
161
159
154
153
242
155
156
157
158
160
162
246
249
194
202
231
189
232
218
185
319
252
311
288
261
333
360
310
286
279
355
365
328
289
308
354
349
321
294
287
284
290
377
378
316
372
322
327
325
259
298
315
344
334
301
302
317
313
374
295
293
262
281
379
346
375
373
371
335
341
320
380
339
304
345
324
253
369
296
312
256
332
314
337
347
291
326
282
255
309
382
338
366
359
356
351
260
364
357
363
358
336
340
381
271
305
272
277
270
280
283
276
278
274
362
263
300
368
258
257
331
265
342
297
350
254
264
361
329
285
275
306
307
376
303
269
353
292
352
370
318
323
330
250
266
267
268
273
251
343
348
383
387
386
384
385
388
389
390
391
392
393
395
394
396
397
398
399
400
401
402
404
406
405
403
411
412
413
414
415
416
417
418
419
420
421
422
423
424
425
426
427
428
429
430
431
432
433
436
437
438
439
445
440
441
447
446
443
444
448
442
449
450
451
452
453
454
455
456
457
458
459
460
461
462
463
464
465
466
467
468
469
470
471
472
473
474
475
476
477
478
479
480
481
482
483
484
485
486
487
488
489
490
491
492
493
