8
2
18
21
11
12
5
3
7
9
14
4
1
10
19
13
17
25
27
31
29
30
24
22
28
20
26
16
23
6
15
41
38
40
35
39
43
33
42
32
34
36
37
46
44
45
53
54
48
49
50
51
47
52
86
73
72
69
71
70
55
84
64
61
63
65
83
81
82
85
59
58
57
76
75
60
68
79
67
77
80
78
74
62
56
66
103
104
101
100
88
90
91
89
87
97
92
99
96
94
93
105
102
106
98
95
108
112
136
109
114
110
111
117
118
107
120
115
134
144
146
140
145
135
143
138
119
121
137
141
128
129
127
125
139
133
132
131
126
142
113
123
116
122
124
130
240
241
147
213
215
214
242
186
153
188
240
241
147
213
215
214
242
186
153
188
201
154
217
167
190
166
205
168
183
231
234
199
235
227
200
226
219
236
228
225
233
174
172
184
151
221
232
238
218
178
150
193
202
224
157
158
180
198
171
179
160
191
164
173
222
239
216
230
211
176
152
162
182
149
208
161
212
163
175
206
181
207
192
210
194
204
203
177
165
195
156
170
197
209
159
155
187
169
196
189
148
185
220
229
223
237
243
248
246
244
247
249
250
245
1
2
3
4
5
7
6
8
9
10
11
12
13
14
15
16
17
18
19
20
21
22
23
24
27
26
25
32
31
29
28
30
100
101
118
65
78
58
51
49
56
52
54
59
53
114
83
76
82
75
55
115
103
108
73
116
47
48
50
46
79
109
70
69
67
66
107
102
77
99
81
33
85
80
41
62
61
60
88
87
63
72
84
96
94
93
98
44
37
38
91
90
39
34
45
68
89
43
97
95
40
113
57
106
104
105
36
111
86
74
92
64
71
35
112
110
117
42
137
145
125
144
147
149
146
148
150
124
134
130
133
141
127
143
142
132
131
123
134
130
133
141
127
143
142
132
131
123
122
121
120
128
119
135
136
138
140
139
129
126
156
163
165
154
164
158
168
159
153
167
157
151
162
161
155
160
191
179
190
182
183
189
188
192
166
152
181
184
185
186
176
174
177
169
170
178
175
171
173
172
187
180
302
303
304
309
271
272
273
305
307
298
253
240
202
257
206
282
245
223
235
291
266
232
296
287
278
288
286
293
227
222
237
198
199
280
292
300
283
279
299
238
308
297
274
256
248
200
208
209
193
207
261
246
225
277
258
212
228
210
221
267
275
276
290
270
201
224
233
295
226
217
230
194
231
239
234
196
243
229
213
301
263
264
244
241
294
204
236
260
254
247
265
268
216
219
211
252
249
205
220
250
262
215
242
269
214
218
255
203
251
259
195
284
289
281
197
306
314
312
311
313
310
316
315
317
318
319
320
321
322
323
324
325
326
327
328
346
345
353
354
357
355
365
366
362
359
337
340
342
341
336
332
351
331
334
350
335
333
339
338
343
329
361
360
347
344
348
349
364
352
330
358
356
436
430
429
428
435
410
386
391
385
381
401
441
408
406
411
390
388
384
409
434
401
441
408
406
411
390
388
384
409
434
433
432
437
382
389
380
438
442
404
403
400
397
440
427
426
425
368
395
393
374
412
379
375
378
414
415
417
373
413
370
367
369
422
376
420
377
372
371
423
416
424
394
421
405
398
419
431
387
407
399
418
439
396
392
402
383
446
447
475
453
443
450
444
445
454
455
451
449
452
456
448
477
481
482
483
480
473
479
470
478
458
474
465
463
472
476
469
468
467
460
462
461
471
464
459
466
457
553
555
554
515
544
516
488
524
539
546
518
527
506
519
504
549
512
543
514
509
522
486
520
485
517
511
540
487
494
495
538
508
497
496
510
557
558
556
551
535
493
534
503
484
536
513
489
552
528
529
498
547
530
542
548
541
500
501
502
505
531
491
507
537
490
492
525
532
521
533
526
523
499
550
545
581
580
592
589
590
583
584
563
564
573
561
582
571
575
576
559
567
562
577
569
566
570
572
560
579
574
565
568
585
586
587
588
578
591
