1246
1479
1480
1630
1249
1785
1237
1399
1593
1641
1344
1633
1631
1549
1638
1634
1789
1787
1901
1905
1255
1497
1624
1350
1351
1352
1353
1342
1240
1447
1444
1430
1362
1432
1363
1550
1782
1713
1862
1296
1361
1613
1476
1308
1307
1614
1612
1522
1403
1244
1328
1530
1438
1935
1390
1922
1727
1707
1721
1900
1440
1701
1504
1732
1439
1441
1449
1570
1699
1508
1509
1743
1738
1852
1551
1838
1916
1723
1525
1671
1729
1741
1703
1879
1628
1435
1470
1861
1918
1825
1708
1809
1691
1833
1731
1869
1684
1617
1423
1557
1705
1663
1690
1881
1704
1493
1712
1581
1515
1687
1605
1724
1832
1816
1674
1503
1545
1489
1400
1698
1818
1715
1651
1236
1234
1232
1830
1348
1542
1538
1540
1536
1235
1544
1642
1640
1639
1637
1791
1784
1856
1854
1841
1849
1848
1896
1895
1893
1899
1934
1931
1908
1902
1853
1888
1865
1868
1251
1259
1258
1257
1263
1248
1499
1498
1516
1517
1595
1511
1502
1501
1619
1603
1599
1602
1623
1773
1747
1615
1609
1608
1766
1750
1771
1749
1772
1305
1297
1302
1751
1291
1311
1310
1295
1309
1588
1572
1589
1290
1720
1737
1578
1580
1583
1354
1433
1345
1356
1349
1383
1388
1689
1697
1696
1380
1391
1381
1382
1401
1373
1374
1394
1396
1407
1404
1370
1402
1372
1412
1415
1417
1413
1406
1418
1408
1410
1411
1416
1243
1241
1531
1405
1496
1523
1524
1528
1274
1271
1488
1491
1494
1482
1278
1484
1280
1281
1473
1286
1477
1277
1275
1331
1448
1330
1451
1445
1340
1339
1368
1327
1367
1425
1364
1427
1554
1422
1424
1592
1563
1555
1594
1783
1646
1436
1437
1568
1652
1649
1648
1647
1656
1655
1654
1744
1745
1714
1575
1662
1660
1658
1822
1811
1824
1831
1821
1834
1840
1839
1820
1829
1823
1872
1864
1863
1890
1883
1875
1884
1874
1261
1326
1325
1452
1682
1927
1389
1387
1386
1906
1686
1590
1270
1520
1384
1924
1529
1688
1230
1786
1616
1673
1254
1677
1923
1753
1928
1837
1247
1475
1414
1826
1558
1635
1431
1814
1815
1850
1626
1625
1245
1537
1802
1676
1481
1338
1337
1904
1835
1752
1757
1377
1774
1710
1711
1231
1765
1535
1471
1561
1359
1358
1539
1795
1892
1366
1429
1629
1483
1596
1597
1598
1600
1601
1264
1265
1266
1267
1817
1306
1332
1333
1334
1320
1329
1490
1492
1755
1754
1276
1788
1282
1455
1465
1462
1739
1526
1897
1299
1443
1584
1582
1460
1878
1534
1533
1668
1369
1485
1653
1521
1793
1794
1513
1512
1657
1812
1813
1461
1450
1573
1855
1844
1456
1457
1911
1912
1871
1734
1733
1736
1933
1319
1321
1322
1323
1279
1453
1919
1454
1506
1315
1316
1318
1409
1273
1272
1880
1421
1287
1288
1312
1313
1324
1314
1891
1541
1702
1692
1426
1474
1360
1304
1303
1792
1586
1587
1622
1790
1256
1808
1229
1227
1226
1706
1293
1294
1759
1758
1760
1543
1659
1262
1233
1627
1836
1886
1768
1519
1375
1376
1857
1858
1769
1770
1716
1392
1393
1695
1576
1636
1709
1717
1562
1860
1371
1903
1500
1932
1767
1225
1803
1507
1357
1355
1887
1228
1917
1632
1827
1800
1914
1797
1735
1574
1675
1620
1798
1618
1621
1336
1335
1446
1742
1472
1283
1913
1670
1894
1434
1379
1343
1518
1781
1778
1777
1775
1776
1779
1780
1885
1579
1796
1486
1459
1725
1756
1915
1910
1909
1468
1346
1643
1644
1559
1560
1466
1467
1761
1762
1763
1566
1547
1666
1667
1664
1665
1898
1672
1463
1464
1925
1926
1867
1458
1680
1679
1842
1843
1845
1846
1847
1941
1942
1943
1940
1937
1938
1936
1939
1944
1945
1946
1947
1948
1949
1950
1951
1952
1953
1954
1955
1956
1957
1958
1959
1960
1961
1962
1963
1964
1965
1966
1967
1968
1969
1970
1971
1972
1973
1974
1975
1976
1977
1978
1979
1980
1981
1982
1983
1984
1985
1986
1987
1988
1989
1990
1991
1992
1993
1994
2562
2561
2912
2913
2372
2374
2562
2561
2912
2913
2372
2374
2454
2454
2001
2001
2002
2002
2498
2498
2158
2160
2163
3008
3007
3009
2695
3240
1996
1995
2183
2835
3338
2603
2628
2990
3394
3330
2645
2300
2301
2013
2014
2951
2825
2715
2173
2172
2674
2033
2034
3295
3179
2838
3364
3106
2204
2284
2980
2981
2282
3018
2574
3030
2146
2069
2613
2556
2680
3208
3209
3210
2670
2671
2672
3331
2166
2768
2769
2770
2771
2772
3473
2623
2624
2626
2627
2881
2883
2663
2668
2077
2079
2686
2619
2646
2767
2452
2451
3150
3024
3025
2978
3339
3073
2953
2956
2749
2750
2751
2777
3335
3337
2701
2151
2824
2826
3110
2349
2353
2123
2143
2342
2088
2468
2312
2394
2430
2523
2115
2161
2423
2276
2900
2365
2152
2408
2332
3115
2022
3123
2064
2053
2268
2005
2242
2520
2378
2277
2345
2237
2511
3074
2447
2510
2122
2042
2190
2513
2012
2643
2675
2503
2524
2243
2397
2416
2213
2132
2500
3143
2086
2791
2380
2110
2403
2405
2262
2388
2125
2028
3140
2676
2854
2484
2145
2234
2861
2174
2099
2240
2720
2047
2551
2537
2538
2409
2015
2418
3340
2411
3079
3095
2302
2164
2673
2410
2104
2803
2902
2501
2887
2185
2147
2337
1998
2239
2692
3308
3190
3239
3253
3189
3182
3178
3294
3223
3238
3205
3222
3206
3203
3278
3237
3193
3273
3261
3169
3267
3235
3168
3271
3312
3165
2506
3149
2044
3482
3481
3479
3336
3102
3038
3002
3483
2905
3011
3129
3128
2097
3014
3041
3114
2328
2334
3081
2000
2108
2116
2309
3001
2098
2914
3035
2915
3075
3010
2917
3036
2903
3001
2098
2914
3035
2915
3075
3010
2917
3036
2903
2911
3119
3125
3131
3039
3040
3058
3139
2061
2072
2457
2194
3042
3309
3127
3098
2348
2171
2249
2092
2457
2194
3042
3309
3127
3098
2348
2171
2249
2092
2919
2311
2221
2683
2141
2111
2979
3112
2306
2371
2439
2491
2470
3118
2280
2540
3152
2472
2490
2401
1999
2214
2101
2361
2417
2414
2225
3109
3148
2528
2665
2732
2969
2350
2244
2259
2258
2377
2019
2154
2153
2035
2027
2084
2283
2224
2901
3144
3076
2435
2006
2197
2198
3046
2918
3045
2039
2184
2305
2279
2336
2150
2383
2159
2193
2910
3137
3006
3037
2426
2103
2186
3033
2181
3022
3117
2441
2075
3023
2090
2251
2480
2063
2260
3101
2499
2716
3175
2367
2904
3413
3288
2038
3299
3269
3171
2366
2078
2036
2037
3174
3279
2431
3219
3198
2188
3300
2339
2222
2169
2236
2227
2780
2779
2952
2083
2165
2263
2192
2191
2860
3410
2714
2269
2043
2124
2787
2482
2285
1997
2016
2786
2477
2982
2882
3207
2218
2195
3252
2922
2354
2434
3224
3287
3254
3251
3083
3084
2721
3034
3228
3183
2286
3141
2424
2393
3048
2433
3184
3124
2067
2140
2428
2536
2938
2858
2859
2526
2266
2170
2179
2219
3163
2486
2492
2187
2575
2560
2573
3293
3066
3065
3097
2487
2509
2331
2271
3259
3310
3116
3211
3172
2010
2003
2094
2738
3260
2481
2133
3289
3270
2865
2516
2539
3099
2950
2600
2550
2597
2341
3111
2114
2515
3262
2709
2800
3315
2469
2885
2884
2761
3100
2238
2168
2364
2011
3244
3229
2463
3218
2682
3151
2949
2710
3291
3297
2144
2167
2148
3103
3130
2226
2130
2149
2091
2879
2379
2898
2059
2066
2134
2608
2926
2525
3164
3170
2939
2995
3304
3093
2048
2055
2422
3274
2733
2734
2534
3332
2700
2522
2389
2253
2070
2691
2465
2073
2343
3200
2947
3266
2931
2932
2843
2460
2425
2102
3021
2017
2970
2082
3153
3085
2557
3194
3275
2946
2580
2420
2545
2571
2068
3059
2023
2024
3113
2415
2844
2752
2274
3409
3072
2698
2162
2432
3281
2128
2792
2906
3277
3105
3147
3162
2988
2413
3166
2299
2407
2032
3290
2129
2346
3029
2105
2112
2121
3258
3094
2467
2495
2233
2050
2298
2021
2307
2475
3132
2054
2338
2737
3249
2396
3126
2402
2711
3265
2886
2609
2833
2593
2584
3282
3313
3311
2489
3236
2941
2942
3187
2527
2505
3333
2954
2497
2705
2466
2851
2935
2649
2684
2355
3027
3334
2869
2252
3078
3077
2998
2796
2096
2984
2196
3104
2652
2974
3280
2502
2461
2899
2473
2812
2977
3250
3199
2485
2359
2877
2360
3017
2020
2189
2991
3080
2592
3157
3477
2476
2740
2437
2438
2880
2459
2921
2618
2897
2310
2699
2845
2599
2131
2707
2689
2688
3020
2119
2291
3284
2295
2290
2228
3133
3135
2455
3176
2058
3276
2808
2891
2293
2866
3257
2329
2208
3069
3070
2292
3296
2764
2057
2748
2211
2504
2937
2045
2356
2206
2207
2180
2182
2669
2399
2702
3233
2976
2429
2895
2205
2199
2529
2874
3154
2210
2209
3028
2247
2846
2308
3316
3377
3325
2736
2176
2177
3352
3357
3355
3320
2552
2156
2157
2642
3376
3367
2289
2288
2287
2842
2602
2601
3354
3350
2735
2936
3368
2754
2920
2809
3372
2933
3343
2248
3348
3360
2261
3322
3346
3365
3353
3351
3375
3242
3146
3366
3356
2585
3359
3192
3358
3341
2878
2894
2992
3230
3361
3345
2818
3145
3349
3374
3319
2296
2294
2297
3369
2857
3370
2753
2763
2386
2852
2996
2450
3432
2766
2344
3449
3363
2944
2945
2638
2049
2541
2427
2943
3422
3433
3324
3323
3380
3444
3442
3440
3438
3434
3454
3425
3424
3321
3044
2693
2445
3472
2819
3480
2815
2375
3431
3437
3382
3318
3455
3418
3305
3347
3344
3362
2138
2135
2139
3420
3439
3441
3435
3423
3415
3421
3389
2572
2616
3400
3436
3450
3467
3427
2406
3447
3386
2009
2203
3248
3245
2113
2816
2076
2856
3419
3381
3142
3195
2971
2384
3417
2704
2494
3387
3388
3445
3452
2304
3067
3005
3004
3003
3448
3397
3399
3283
3383
3429
3185
2564
2255
2681
3379
3443
3414
2847
2368
3385
3398
3391
3453
3456
2653
2340
2972
2275
2617
3272
2056
2999
3000
3180
2839
3395
3446
3451
3458
3393
3469
2303
2453
2395
3476
2934
3050
3051
2774
3264
2566
2569
2994
3471
2596
2598
3225
2554
2756
2908
2907
2909
2400
2604
2458
3485
2320
2322
3298
2051
2664
2666
2667
3177
3326
2741
2742
2765
2696
2948
2250
2975
2136
2137
2496
3071
3317
2436
2717
2060
2817
2532
2533
2351
2352
2398
2235
2080
2862
2864
2863
2178
3396
3463
3428
3470
3285
2896
2712
2758
2648
3263
3301
2790
3468
3464
3062
3063
3214
2559
3407
3401
3461
3475
2008
3181
3213
2256
3462
3243
2985
3390
2867
3474
2142
3404
3416
3457
3091
2823
2820
3392
3082
2650
3089
3090
3092
3096
2631
2633
2739
2456
2775
2788
2789
2216
2567
2568
2578
2840
2841
3136
2387
3459
3460
3406
2606
2724
2727
2728
2729
2793
3405
2483
2781
2782
3426
3465
3026
2989
3303
3302
3466
2443
3216
3158
2690
3196
2973
2577
2806
2654
2412
3107
3108
2746
2872
2930
2875
2876
2757
2759
2940
2018
2830
2829
2026
2542
2546
2548
2660
2347
2968
2583
2335
2718
3402
3403
2706
2025
3327
2087
2202
2607
2614
2615
2488
2155
2993
3411
3412
2778
2521
2744
2745
3087
2794
2543
3246
3247
2610
2611
2440
2474
2381
2382
3212
2357
2358
2850
2217
3015
3255
2544
2870
2512
3384
3292
3173
2620
2785
2493
2760
2762
2478
2479
2799
2801
2127
2873
2576
2052
2621
2889
2888
2890
2811
2929
2927
2390
2391
2392
2776
2369
2085
2241
2029
2030
2031
2065
2928
3086
3478
2955
2957
2958
2959
2960
2961
2962
2963
2964
2965
3217
2100
3053
3055
2743
2117
2118
2639
2640
2641
2677
2630
2644
3231
2853
3160
3161
3378
3408
2581
2370
3088
2530
2062
2871
3306
2582
3016
2362
2363
2967
3064
2997
2657
2697
2658
2659
3226
2634
2625
2555
2553
2892
2822
2126
3329
3328
3202
2200
2471
2708
2558
3060
3031
3032
2687
2795
3307
2848
2849
3241
2175
2590
2591
2586
2589
2713
2081
3371
3314
3197
2797
2798
3221
3220
2656
2655
2316
2317
2318
2319
2327
2321
2629
2376
2315
2313
2314
2323
2324
2325
2326
2330
2333
2827
2828
2836
2444
2647
3159
3056
3057
2635
2636
2637
2442
2446
2723
2265
2264
2810
2678
2229
2230
2231
2270
3043
2802
3215
2232
2966
2834
2612
2267
3488
2201
2531
2507
2508
2685
2726
2725
2730
2731
2587
2916
2605
2246
2074
2804
2805
2120
3019
2514
2046
2404
2448
2449
3342
2106
2107
2095
3268
3204
3201
3232
2421
2579
2837
2565
2923
2924
2925
2983
2814
2893
2254
2257
3052
2281
2385
2215
2223
2783
2784
3155
3156
2594
2595
3167
2007
2855
2651
2517
2518
2519
3012
3013
2679
3286
2719
2245
2462
2464
3134
2109
3191
2071
2813
3138
2419
3188
3186
3068
2831
2832
2747
2661
3373
2278
2547
2549
3227
3234
2588
2722
2807
2632
2089
2662
2040
2041
3120
3121
3122
2694
2272
2273
2986
2987
2755
3047
2212
3256
2093
2563
2821
3061
2220
3054
2570
2535
2622
3049
2703
2004
2868
3484
3486
3487
2773
2373
3430
3583
3889
3500
4108
4110
4111
4127
4128
4131
4133
4136
4137
4138
4142
4158
4159
4160
4165
4172
4178
3533
3588
4349
4244
4245
3659
3667
3727
3674
4112
4130
4132
4134
4135
4152
4154
4155
4157
4161
4162
4164
4392
4393
4394
4395
4397
3720
4375
4140
4373
4265
3513
3766
4129
4144
4146
4148
4151
4153
4342
4123
4156
3768
3769
3915
4147
4149
4150
4169
4170
4173
4105
4107
4114
4120
4121
4124
4141
4143
4168
4233
3536
3917
4330
4126
3799
3800
4316
3644
3647
3648
4358
3641
3642
3643
3645
3649
3650
3741
3528
3610
3908
3909
3625
3692
3779
3761
3920
3542
4295
3510
4359
3618
3732
3545
3540
4369
3919
3676
3899
3562
3548
3725
4299
3735
3688
3756
3749
4311
3679
4287
3579
3726
3842
3900
3685
4288
3565
3677
4365
3737
4322
3744
3758
4348
3764
4255
4412
4310
3833
3683
3702
4398
3586
3691
4381
3865
3782
3796
3700
3580
4382
3762
3742
3541
3535
3534
3530
3673
4309
3760
3794
3602
3711
4279
3765
3809
3681
4350
3591
3857
4329
3660
3795
3743
3746
3576
4340
4404
3687
4364
4343
4337
4374
4345
3690
3532
4293
4366
4281
4237
3748
3750
4383
4271
4262
4257
3706
4341
3830
3733
3777
3623
3703
4280
3836
3738
3825
3549
3713
3913
3557
3684
3709
4268
3770
4370
4328
4338
4292
4327
4238
3834
3894
3655
3682
4290
4270
4360
3574
3722
4319
3754
4254
3740
3870
3840
4355
4229
3831
4413
4315
4249
4252
3767
3719
3731
4407
4259
3594
3570
3585
3617
3621
4283
3552
3755
4260
3837
3739
4317
3805
3845
3806
3590
3780
3567
3864
3907
3664
3589
3608
3603
3609
3607
3606
3605
3604
3879
3696
3878
3880
3881
3925
4367
3701
3612
3924
4320
4274
3807
4278
3860
4344
4276
3593
3718
4267
3835
3543
4347
4248
3697
3707
3798
3671
3672
4396
3797
3666
3784
3912
4333
3656
3544
4351
3918
3571
3686
4312
3886
3573
3829
3615
3843
4335
3728
4297
4298
3813
4352
3876
3896
4391
3578
3614
3611
3882
3884
3853
3883
3854
3801
4289
4408
3553
3559
3763
3901
4264
4384
3844
4323
3861
3847
3698
3508
3717
3790
3818
3868
3566
4325
4307
4275
4308
3712
3922
3820
3821
3819
4410
4331
3850
3848
3817
3874
3668
3859
3855
4227
3839
3724
3675
4339
3824
4284
4239
3592
3524
3832
3849
4258
3822
3823
3547
3616
3866
3577
3747
3504
3493
3498
3499
3501
3503
3511
3885
3887
3759
3888
3522
3523
3521
3596
3771
3772
4399
4318
3636
3637
3494
4402
3490
3492
4368
3838
4356
3869
3723
4253
3705
3704
3505
3658
3519
3520
3781
3736
4230
4321
4294
4232
3582
3892
3624
3597
3598
3787
3788
4334
3507
3506
3599
3600
3873
3872
3871
4409
3653
3640
3654
3923
3569
4007
4008
4009
4010
4011
4012
4013
4014
4015
4016
4017
4018
4019
4020
4021
4022
3525
3856
3997
3998
3999
4000
4001
4002
4003
4004
4005
4006
3994
3995
3996
3933
3988
3989
3990
3991
3992
3993
3554
3546
3619
3620
3977
3978
3979
3980
3981
3982
3983
3984
3985
3986
3987
3509
3652
3497
3955
3959
3962
3965
3968
3971
3972
3973
3974
3975
3976
3953
3954
3956
3958
3960
3961
3963
3964
3966
3967
3969
3970
3661
3662
3663
3575
3950
3951
3952
3957
3551
4400
4401
4109
4346
3778
3921
3814
3815
3529
3935
3938
3941
3944
3947
3948
3715
3716
4336
3635
3630
3631
3632
4417
3895
3680
4414
3774
3775
3931
4314
3891
3890
4362
4363
3903
3905
3906
3904
3858
3793
3792
3791
3930
4379
3945
3949
4277
3841
4269
4415
4416
3526
3527
3816
3804
3555
3560
3932
3910
3556
4388
4389
3639
3934
3936
3937
3939
3940
3942
3943
3946
3638
3550
4390
3808
4250
4251
4306
4304
4305
3776
4234
4235
4256
4427
4428
4429
4430
4431
4432
4433
4434
4435
4436
4437
4438
4439
4440
4441
4442
4418
4419
4420
4421
4422
4423
4424
4425
4426
3693
3694
3695
3665
3897
3898
4464
4443
4465
4466
4467
4468
4469
4470
4444
4445
4446
4447
4448
4449
4450
4451
4452
4453
4454
4455
4456
4457
4458
4459
4460
4461
4462
4463
3516
4326
3657
3629
4406
4228
4301
3803
3902
3802
4296
3721
3518
3584
3622
3862
3863
3568
3927
3928
3929
3926
4376
4378
4380
3810
3811
3812
3826
3827
3828
3626
3627
3628
4405
3916
4303
4273
3651
3867
3613
3699
3773
3601
3670
3669
4354
4353
3730
3914
4286
3708
4285
3851
3852
3646
3893
4236
3875
3515
3514
4240
3595
4023
4024
4025
4026
4031
4033
4034
4037
4038
3877
3531
4029
4030
4035
4044
4045
4047
4028
3489
4027
4032
4039
4040
4042
4043
4048
4055
4059
4060
4061
4357
4246
3911
3496
3745
4243
4241
4242
3729
4272
4051
4036
4050
4053
4058
4403
4054
4282
4385
4386
3512
3689
3757
4300
4302
3678
3558
3561
3563
3564
4221
4062
4064
4065
4223
4224
4067
4068
4070
4073
4075
4091
4095
4206
4220
4361
4049
4066
4069
4071
4072
4074
4076
4077
4078
4079
4082
4089
4092
4209
4211
4222
4063
4263
4266
4231
3789
3783
3786
3785
3572
4313
4046
4052
4057
4085
4086
4087
4088
4208
4214
4216
4217
4218
4219
4225
4041
4080
4083
4090
4094
4096
4207
4210
4215
4084
4261
4081
4098
4104
4212
4213
4056
3495
4371
4387
4247
3751
3752
3753
4324
4099
4196
4197
4198
4201
4202
4203
4204
4205
4199
4200
4372
4100
4101
4187
4188
4189
4195
3517
4377
3502
4291
4097
4102
4190
4191
4192
4193
4194
3846
4116
4117
4118
4122
4179
4180
4183
4176
4181
4182
4119
4125
3581
4411
3587
3537
3538
3539
4115
4177
4184
4185
4186
3734
3714
3710
4226
3633
3634
3491
4332
4093
4103
4106
4113
4139
4145
4163
4166
4167
4171
4174
4175
4471
4472
4473
4474
4475
4476
4477
4478
4479
4480
4481
4482
4483
4546
4744
4564
4573
4629
4763
4660
4659
4761
4524
4525
4519
4649
4543
4540
4658
4657
4544
4484
4487
4490
4491
4494
4502
4597
4559
4554
4553
4551
4548
4569
4566
4741
4729
4775
4760
4757
4613
4759
4485
4751
4507
4656
4625
4624
4752
4650
4599
4670
4582
4520
4512
4776
4570
4706
4585
4683
4622
4767
4712
4631
4665
4765
4671
4575
4737
4637
4715
4610
4493
4550
4615
4755
4652
4496
4587
4486
4516
4611
4668
4680
4561
4743
4690
4698
4518
4589
4734
4527
4528
4534
4535
4536
4538
4539
4488
4499
4500
4504
4605
4606
4609
4614
4618
4619
4620
4621
4627
4632
4635
4638
4641
4642
4645
4647
4591
4594
4595
4596
4598
4601
4583
4580
4579
4560
4557
4552
4577
4574
4576
4567
4673
4664
4689
4691
4694
4695
4696
4697
4699
4700
4701
4702
4717
4718
4720
4721
4653
4682
4684
4685
4686
4687
4688
4681
4679
4678
4677
4676
4675
4731
4732
4733
4735
4736
4738
4756
4740
4750
4749
4748
4747
4709
4710
4711
4713
4714
4716
4727
4726
4725
4724
4722
4708
4707
4705
4704
4768
4769
4771
4774
4766
4764
4762
4758
4728
4770
4723
4672
4730
4547
4644
4586
4590
4608
4634
4703
4572
4745
4661
4669
4612
4513
4646
4588
4505
4654
4603
4602
4739
4600
4651
4517
4636
4523
4662
4639
4640
4773
4510
4508
4643
4526
4604
4607
4492
4514
4555
4565
4772
4584
4503
4498
4563
4497
4501
4674
4616
4549
4578
4568
4753
4663
4617
4489
4667
4558
4648
4742
4562
4719
4521
4522
4692
4693
4633
4542
4541
4626
4623
4537
4655
4630
4628
4509
4529
4530
4531
4532
4533
4495
4506
4746
4511
4581
4571
4666
4592
4593
4754
4515
4545
4556
4777
4778
4779
4780
4781
4782
4783
4784
4785
4786
4787
4788
4789
4790
4791
4792
4793
4794
4907
4865
4863
4861
4857
4872
4915
4967
4807
4839
4832
4989
4860
4858
4811
4901
4991
4948
4825
4952
4889
4930
4936
4938
4843
4914
4911
4943
4850
4820
4959
4885
4896
4866
4976
4940
4797
4812
4803
4804
4813
4972
4810
4809
4808
4805
4992
4795
4799
4800
4801
4802
4824
4826
4827
4829
4830
4831
4822
4821
4819
4818
4817
4816
4814
4845
4846
4847
4848
4849
4852
4853
4844
4842
4841
4840
4838
4837
4836
4882
4881
4880
4879
4878
4877
4876
4875
4874
4873
4871
4870
4869
4868
4864
4859
4910
4909
4908
4906
4905
4903
4902
4900
4899
4897
4895
4894
4893
4892
4891
4890
4888
4887
4886
4912
4913
4917
4919
4920
4922
4942
4944
4945
4946
4947
4949
4950
4925
4926
4927
4928
4929
4931
4933
4934
4935
4937
4939
4941
4924
4951
4953
4954
4955
4956
4957
4958
4960
4984
4985
4986
4987
4990
4964
4965
4966
4968
4969
4970
4971
4973
4975
4977
4978
4979
4980
4981
4982
4961
4932
4828
4796
4823
4898
4806
4993
4983
4856
4862
4921
4855
4923
4883
4884
4867
4815
4854
4851
4974
4962
4833
4834
4835
4798
4988
4963
4904
4916
4918
4994
4995
4996
4997
4998
4999
5000
5001
5002
5003
5004
5005
5006
5007
5008
5009
5010
5011
5012
5013
5014
5015
5016
5017
5018
5019
5020
5021
5022
5023
5024
5025
5026
5027
5028
5029
5030
5031
5032
5033
5034
5035
5036
5037
5038
5039
5040
5041
5042
5043
5044
5045
5046
5047
5048
5049
5050
5051
5052
5053
5054
5055
5056
5057
5058
5059
5060
5061
5069
5073
5068
5067
5071
5070
5072
5065
5063
5062
5064
5066
5074
5075
5076
5077
5078
5079
5080
5081
5082
5083
5084
5085
5086
5087
5088
5089
5090
5091
5092
5095
5094
5097
5093
5096
5098
5099
5100
5101
5102
5103
5104
5210
5387
5231
5383
5351
5238
5396
5382
5328
5317
5380
5262
5269
5150
5240
5274
5319
5344
5301
5246
5111
5161
5279
5255
5335
5184
5215
5176
5362
5290
5221
5189
5227
5366
5206
5144
5134
5331
5350
5298
5193
5276
5118
5128
5373
5105
5202
5174
5147
5167
5285
5346
5173
5196
5321
5117
5120
5121
5122
5123
5125
5126
5127
5130
5131
5154
5153
5152
5151
5149
5148
5146
5145
5143
5142
5141
5140
5133
5135
5136
5137
5138
5139
5106
5107
5108
5109
5110
5113
5114
5115
5155
5156
5158
5159
5160
5190
5170
5171
5172
5175
5177
5178
5179
5180
5181
5182
5183
5185
5186
5162
5163
5164
5165
5168
5192
5194
5198
5199
5200
5378
5377
5333
5332
5330
5329
5326
5325
5324
5323
5322
5370
5369
5368
5367
5363
5361
5360
5359
5353
5349
5348
5347
5345
5340
5338
5337
5336
5334
5376
5374
5372
5371
5228
5229
5230
5232
5233
5237
5239
5241
5242
5243
5244
5245
5247
5250
5214
5213
5211
5209
5207
5205
5226
5225
5224
5223
5222
5220
5219
5218
5303
5302
5300
5299
5297
5305
5306
5307
5308
5309
5310
5295
5277
5278
5282
5283
5284
5286
5287
5288
5289
5291
5292
5293
5294
5251
5253
5254
5256
5257
5258
5259
5260
5261
5263
5265
5266
5268
5270
5271
5272
5273
5275
5129
5112
5358
5355
5386
5313
5314
5395
5391
5352
5389
5375
5212
5384
5339
5132
5195
5197
5311
5312
5124
5187
5354
5166
5119
5342
5343
5327
5252
5208
5357
5318
5169
5191
5379
5364
5365
5234
5235
5236
5157
5248
5249
5381
5264
5304
5203
5204
5320
5341
5392
5315
5388
5116
5385
5280
5281
5356
5316
5394
5390
5393
5216
5217
5296
5201
5267
5188
5497
5502
5503
5547
5618
5619
5620
5484
5522
5408
5422
5532
5533
5534
5535
5591
5684
5646
5826
5565
5566
5560
5590
5615
5499
5500
5435
5436
5437
5438
5581
5672
5492
5577
5579
5397
5673
5521
5676
5813
5486
5568
5569
5494
5841
5540
5757
5698
5523
5836
5629
5711
5768
5777
5656
5762
5589
5530
5561
5504
5634
5542
5799
5515
5432
5498
5788
5571
5666
5411
5428
5790
5708
5650
5746
5553
5482
5779
5722
5399
5488
5594
5677
5810
5775
5720
5749
5726
5583
5690
5598
5812
5641
5463
5471
5457
5443
5804
5736
5735
5614
5490
5700
5816
5785
5786
5787
5789
5791
5792
5793
5794
5796
5797
5798
5800
5801
5802
5803
5806
5807
5809
5771
5772
5773
5774
5776
5778
5780
5781
5782
5783
5784
5811
5814
5815
5817
5818
5819
5820
5823
5758
5759
5760
5761
5763
5764
5765
5766
5767
5770
5827
5828
5829
5830
5832
5833
5834
5835
5837
5838
5839
5840
5706
5709
5710
5712
5713
5714
5715
5716
5717
5718
5719
5721
5723
5724
5725
5727
5728
5729
5730
5693
5694
5695
5696
5697
5701
5702
5703
5704
5705
5731
5732
5733
5734
5737
5738
5740
5741
5742
5743
5744
5675
5679
5680
5681
5683
5687
5688
5689
5691
5692
5745
5747
5748
5750
5751
5752
5753
5754
5609
5612
5613
5616
5617
5621
5622
5624
5626
5627
5632
5633
5635
5636
5637
5638
5639
5640
5644
5645
5595
5596
5597
5599
5600
5601
5602
5604
5605
5607
5647
5651
5652
5653
5654
5657
5658
5659
5582
5584
5585
5586
5587
5588
5660
5661
5663
5664
5665
5667
5669
5670
5671
5538
5539
5543
5546
5554
5555
5556
5557
5531
5536
5537
5525
5526
5529
5558
5559
5562
5563
5518
5520
5439
5495
5501
5506
5508
5513
5514
5572
5576
5433
5441
5444
5447
5448
5459
5460
5430
5431
5412
5418
5419
5425
5426
5427
5429
5464
5468
5472
5476
5409
5406
5398
5400
5401
5487
5489
5648
5424
5449
5603
5442
5808
5450
5483
5524
5593
5541
5446
5475
5423
5821
5545
5517
5516
5552
5682
5649
5769
5421
5405
5454
5410
5707
5456
5699
5479
5478
5452
5551
5491
5481
5477
5485
5453
5519
5822
5578
5474
5462
5825
5756
5831
5842
5507
5509
5510
5668
5662
5544
5407
5505
5608
5623
5567
5630
5434
5674
5458
5470
5570
5413
5414
5655
5415
5416
5678
5642
5643
5592
5451
5580
5628
5417
5528
5527
5755
5496
5404
5403
5402
5606
5739
5461
5573
5574
5575
5469
5445
5465
5685
5686
5466
5467
5610
5611
5795
5455
5625
5420
5805
5480
5549
5548
5550
5440
5473
5564
5844
5845
5846
5847
5848
5511
5512
5843
5824
5631
5493
5875
6222
6157
5967
6225
6167
6060
6011
6137
6262
6375
6351
6352
6353
6354
5984
5904
6064
6030
6236
6234
6232
6230
6223
6224
6231
6233
6235
6237
6020
6268
6273
6088
6250
5941
6242
6241
6196
6198
6197
6199
6379
6377
6378
6374
6380
6344
6342
6369
6371
6312
6307
6328
6294
6295
6347
6372
6370
6376
5865
5873
5853
5876
6051
6050
6099
6044
6107
5913
5921
5958
5957
5937
6009
6211
6258
6256
6182
5965
5952
6176
6280
6284
6031
6153
6279
6109
6179
6263
6281
5977
6101
6066
6035
6047
5990
6121
6162
6094
6027
6151
5931
6170
6283
6071
6138
5886
5897
5910
5917
5852
5851
6269
6270
6042
5970
6156
6274
5950
5867
5927
6024
6267
6266
6175
5959
6186
6158
6255
5870
5900
6021
6067
6095
6082
5968
5911
6013
5869
6052
6128
5951
6129
5960
5885
6177
6039
6165
6008
6070
5924
6114
6200
6037
5961
5986
5999
5929
5996
5922
5874
6055
6058
6202
5902
5988
6086
5871
5964
5860
6108
6116
6028
5969
5932
6265
5966
5899
6016
5891
5906
6212
6092
5930
5963
5956
5945
6090
6135
6026
6059
6073
5946
5935
5954
5923
6053
5991
6105
5993
6187
6204
6068
6018
6012
6191
5994
6038
5918
5955
5908
5858
5934
5868
6063
5997
6201
5938
6093
6079
6205
6002
6056
6072
6007
6098
5982
6131
6091
6074
6048
5983
5855
6111
6313
6303
6190
5895
6083
6133
6134
5882
5881
5887
6125
6127
6174
6022
6293
6329
6331
6314
6305
5877
6126
6132
5854
5856
5866
5850
5893
5872
6214
6216
6215
6213
6096
6173
6163
6010
6001
5862
6203
5914
6333
6264
5972
6278
5863
6282
6360
5943
6296
6164
6245
5987
6005
6150
5880
6310
6168
6311
6076
5879
5981
6257
5980
6159
6136
6097
6271
6140
6332
5974
5989
5979
5903
5901
5971
6272
6023
5928
6309
6194
5878
6330
5940
6358
6075
6181
6373
6361
6363
6364
6362
6366
6365
6368
6285
5859
6304
6298
6297
5896
5978
6112
6355
6057
6172
6320
6160
5995
5892
6171
6145
5926
6334
6335
6340
6341
6345
6346
6337
5888
6166
6155
6302
6299
6300
6301
6316
6319
6359
6102
6078
6276
6115
6317
5919
6321
6322
6325
5907
6306
6141
5884
5883
5998
6046
6045
6180
6251
6252
6144
5985
6178
6336
5925
6239
6338
6061
5857
6120
6260
6003
6217
6218
6238
6208
6209
6210
6100
6169
5894
6292
6149
6343
6339
6243
6080
6249
5915
5916
5909
6219
6220
6221
6006
6259
6130
6254
6253
6261
6247
6110
6308
6004
6142
6143
5912
6348
6318
6148
5849
6161
6000
6069
6065
6195
6289
6290
6291
6277
6036
5992
6081
5948
6193
5953
6040
6041
5898
6117
6118
6184
5939
6146
6147
6032
6033
6034
6113
6246
6062
5936
6122
6188
6124
6123
6244
6323
6324
6049
6103
6085
6287
6286
6106
5942
5905
6327
5944
6192
5861
5864
5949
5947
6183
6207
6206
5889
6139
6240
6349
6357
6154
5890
5920
6017
6326
5962
6084
6054
6029
6189
6043
6248
6104
6275
5975
5973
5976
6367
6228
6229
5933
6089
6185
6315
6014
6015
6019
6119
6356
6227
6087
6025
6077
6226
6152
6288
6350
6552
6530
6587
6406
6395
6386
6649
6695
6690
6691
6682
6411
6539
6409
6410
6626
6546
6393
6469
6548
6551
6698
6547
6621
6671
6415
6405
6701
6673
6653
6513
6482
6407
6434
6684
6399
6541
6654
6461
6413
6477
6600
6583
6514
6561
6591
6625
6488
6570
6467
6646
6504
6396
6425
6694
6579
6475
6613
6540
6447
6531
6554
6687
6507
6608
6521
6441
6382
6692
6678
6572
6663
6635
6494
6433
6693
6696
6697
6700
6634
6633
6632
6629
6627
6631
6665
6664
6662
6667
6669
6670
6675
6676
6655
6656
6657
6658
6659
6660
6661
6652
6647
6679
6680
6681
6685
6688
6645
6644
6643
6642
6641
6639
6638
6637
6571
6573
6574
6575
6576
6577
6578
6580
6581
6582
6584
6585
6586
6588
6589
6594
6595
6596
6605
6607
6599
6609
6610
6612
6604
6602
6560
6559
6558
6601
6563
6564
6565
6566
6567
6568
6569
6597
6598
6614
6616
6615
6618
6619
6556
6555
6550
6497
6498
6499
6500
6502
6503
6506
6505
6508
6509
6510
6511
6512
6515
6484
6486
6487
6489
6490
6491
6492
6493
6495
6496
6517
6518
6519
6520
6522
6523
6526
6527
6528
6529
6532
6533
6472
6473
6474
6478
6479
6480
6481
6483
6534
6535
6536
6537
6538
6418
6419
6420
6421
6422
6423
6424
6426
6427
6428
6429
6436
6435
6432
6431
6430
6398
6401
6402
6403
6404
6408
6412
6414
6416
6417
6437
6438
6439
6440
6442
6444
6445
6448
6449
6381
6383
6384
6385
6387
6388
6389
6390
6397
6450
6451
6452
6453
6456
6462
6463
6464
6465
6466
6544
6501
6443
6593
6689
6476
6636
6648
6651
6650
6485
6622
6553
6590
6666
6617
6542
6674
6471
6524
6672
6683
6620
6703
6686
6545
6611
6630
6468
6470
6702
6704
6623
6624
6400
6549
6543
6394
6557
6677
6628
6668
6458
6459
6516
6525
6454
6455
6603
6562
6391
6392
6592
6446
6457
6460
6640
6705
6706
6707
6699
6606
6941
6942
6943
6985
6976
7070
7071
6716
6717
6718
6906
6935
6722
6803
6982
6732
6946
6918
6880
6878
6940
6953
6974
6972
6970
6966
7104
7109
7099
7093
7091
7089
7085
7077
7073
7066
7059
7056
7053
7052
7044
7062
7084
7068
7061
6868
6920
6761
6971
7013
7076
7000
7022
6801
7011
6893
6864
6905
6759
6769
6895
6956
6944
6884
6968
6740
7051
6770
6797
6805
6866
6929
6945
7002
7030
6725
6782
6836
6923
6874
6746
6828
6789
6831
6813
6818
6917
6841
6850
6930
6986
7096
7017
7063
6721
6720
6719
6715
6712
6710
6812
6809
6808
6807
6806
6739
6737
6736
6734
6733
6731
6729
6728
6727
6726
6723
6804
6802
6800
6799
6798
6796
6795
6758
6755
6752
6751
6749
6747
6744
6743
6742
6791
6790
6788
6787
6784
6783
6781
6780
6779
6772
6771
6768
6767
6764
6763
6760
6778
6777
6776
6827
6824
6822
6821
6820
6819
6817
6816
6815
6916
6915
6914
6910
6904
6903
6902
6900
6901
6839
6838
6837
6835
6834
6833
6832
6830
6829
6899
6898
6897
6896
6859
6858
6857
6856
6853
6852
6851
6846
6844
6843
6842
6894
6892
6891
6890
6889
6869
6867
6865
6863
6862
6888
6885
6883
6882
6881
6876
6875
6873
6871
6928
6927
6926
6925
6924
6922
6921
7005
7004
7001
6999
6998
6997
6937
6936
6934
6933
6932
6931
6996
6995
6994
6993
6992
6952
6951
6948
6947
6939
6938
6991
6989
6988
6987
6984
6963
6962
6961
6960
6959
6983
6981
6980
6979
6978
6977
6975
7014
7012
7010
7009
7008
7105
7020
7019
7018
7016
7015
7090
7087
7029
7028
7027
7026
7025
7024
7023
7021
7074
7072
7067
7064
7033
7038
7040
7037
7036
7057
7055
7054
6750
6848
6774
6741
6762
6823
6950
6709
7046
7048
7047
7050
7049
7078
6765
6745
7092
6766
7035
6969
6713
6792
6793
6794
6965
7083
7043
7086
6919
7081
7082
7079
7080
7065
6954
7069
7045
6814
6879
6964
7006
7007
7003
7032
6973
6775
6773
7102
7103
6714
6756
6757
6826
6825
7031
6855
6854
6860
6861
7034
6872
7095
7097
7098
7094
6748
6845
7088
6908
6909
6912
6911
6913
6724
7060
6967
6810
6811
6886
6887
6708
7039
6785
6711
6753
6754
7100
7101
6847
7041
7042
6870
6877
6849
7075
6990
6957
6958
6786
7058
6955
7110
7106
7107
7108
6949
6907
6730
6840
6735
6738
7356
7355
7364
7363
7362
7240
7168
7169
7349
7125
7366
7406
7405
7407
7249
7331
7213
7339
7338
7337
7117
7247
7175
7176
7402
7395
7391
7392
7357
7347
7369
7370
7368
7378
7379
7224
7315
7312
7348
7130
7374
7360
7207
7115
7382
7385
7336
7403
7242
7219
7220
7188
7317
7170
7133
7179
7173
7157
7135
7134
7164
7190
7191
7166
7144
7310
7263
7300
7401
7307
7293
7124
7294
7230
7241
7185
7129
7132
7131
7239
7184
7165
7120
7396
7302
7198
7232
7397
7398
7387
7388
7318
7325
7215
7128
7261
7236
7167
7214
7119
7151
7153
7306
7141
7139
7152
7328
7226
7138
7146
7237
7150
7458
7195
7192
7155
7143
7142
7158
7295
7470
7292
7228
7469
7465
7235
7225
7354
7259
7244
7393
7227
7384
7386
7265
7186
7260
7266
7304
7118
7313
7223
7222
7254
7316
7308
7399
7137
7126
7127
7251
7274
7252
7471
7156
7149
7309
7181
7209
7203
7208
7267
7231
7221
7199
7273
7400
7116
7238
7305
7463
7464
7183
7268
7282
7283
7178
7177
7303
7389
7257
7326
7327
7314
7390
7289
7287
7288
7290
7291
7280
7286
7281
7279
7180
7196
7174
7311
7113
7381
7380
7217
7218
7194
7371
7202
7201
7200
7367
7460
7461
7459
7352
7154
7148
7147
7296
7299
7298
7162
7163
7272
7473
7284
7285
7243
7245
7212
7246
7383
7136
7373
7472
7182
7216
7404
7301
7172
7161
7193
7269
7270
7271
7394
7466
7467
7372
7341
7319
7320
7322
7323
7253
7250
7112
7343
7210
7211
7342
7344
7408
7409
7410
7411
7412
7413
7414
7415
7416
7417
7418
7419
7420
7421
7422
7423
7425
7428
7429
7430
7431
7432
7436
7437
7439
7440
7442
7443
7446
7447
7448
7449
7452
7455
7454
7426
7433
7435
7456
7457
7424
7427
7434
7438
7441
7444
7445
7450
7451
7453
7345
7346
7321
7122
7262
7264
7140
7359
7468
7233
7234
7204
7358
7171
7375
7248
7256
7324
7361
7197
7377
7334
7333
7340
7330
7189
7376
7297
7365
7277
7275
7276
7278
7229
7121
7114
7335
7111
7187
7159
7160
7351
7258
7145
7350
7353
7462
7332
7123
7329
7205
7206
7255
7553
7826
7828
7829
7827
7754
7614
7615
7724
7625
7791
7482
7731
7547
7526
7500
7550
7556
7557
7474
7590
7597
7696
7728
7772
7799
7839
7841
7595
7589
7492
7700
7813
7666
7577
7542
7709
7631
7568
7654
7677
7687
7626
7508
7792
7674
7693
7639
7555
7644
7755
7690
7727
7520
7603
7803
7695
7490
7565
7746
7735
7515
7718
7713
7637
7479
7477
7743
7537
7551
7759
7771
7814
7823
7836
7808
7817
7478
7480
7483
7484
7485
7486
7487
7489
7495
7499
7501
7503
7504
7505
7506
7507
7510
7513
7516
7517
7518
7522
7523
7525
7527
7528
7529
7530
7519
7539
7541
7544
7546
7548
7549
7552
7554
7558
7540
7559
7560
7561
7562
7563
7564
7566
7567
7569
7570
7573
7575
7576
7578
7579
7580
7581
7582
7583
7585
7588
7592
7594
7596
7602
7604
7608
7609
7611
7612
7613
7616
7617
7618
7619
7620
7621
7622
7623
7624
7627
7628
7629
7630
7632
7633
7634
7635
7636
7638
7640
7641
7642
7643
7645
7646
7647
7648
7649
7650
7653
7655
7656
7657
7659
7663
7664
7665
7668
7669
7671
7672
7673
7675
7676
7678
7679
7680
7681
7682
7683
7684
7685
7686
7688
7689
7691
7692
7694
7697
7698
7699
7701
7702
7703
7707
7708
7710
7711
7712
7714
7715
7716
7717
7719
7721
7723
7725
7726
7730
7733
7734
7736
7737
7740
7741
7742
7744
7745
7747
7748
7750
7751
7752
7753
7757
7760
7761
7762
7764
7766
7770
7773
7774
7775
7778
7782
7784
7787
7788
7789
7794
7795
7796
7805
7806
7807
7809
7810
7812
7818
7819
7821
7822
7824
7830
7833
7834
7835
7670
7804
7535
7497
7601
7729
7652
7571
7781
7758
7491
7511
7574
7512
7801
7802
7739
7837
7838
7475
7476
7496
7598
7599
7600
7493
7667
7820
7722
7593
7811
7732
7749
7790
7587
7572
7842
7843
7831
7832
7785
7786
7777
7521
7481
7538
7797
7767
7488
7783
7584
7815
7816
7704
7706
7756
7498
7658
7840
7768
7769
7738
7591
7651
7763
7825
7660
7662
7661
7793
7798
7509
7543
7779
7494
7720
7545
7586
7514
7502
7765
7605
7610
7606
7607
7705
7524
7780
7776
7800
7531
7532
7533
7534
7536
7862
7864
7899
8153
8032
8019
8047
8038
8143
7907
7982
7954
7993
7975
8176
7961
8024
8029
7934
8110
8100
8172
8224
7986
7922
8181
7846
7872
8048
7966
8150
8225
8135
8016
7914
7998
8115
8068
7889
7916
8168
8204
8008
7861
7927
7941
7903
7882
7997
8052
8072
7978
8046
8160
8121
8144
8200
8085
7950
7873
8081
7967
8039
8055
8061
8214
8014
7909
7850
7851
7852
7853
7854
7845
7847
7848
7849
7859
7858
7857
7874
7876
7878
7871
7868
7863
7935
7933
7932
7931
7928
7926
7925
7924
7912
7911
7913
7915
7917
7918
7919
7920
7921
7948
7947
7945
7943
7940
7939
7938
7936
7893
7894
7895
7896
7897
7898
7900
7902
7905
7906
7908
7910
7962
7960
7959
7958
7957
7956
7953
7952
7951
7879
7880
7881
7883
7884
7885
7887
7888
7891
8017
8015
8013
8012
8009
8007
8005
7992
7994
7996
8000
8001
8002
8003
8064
8063
8062
8060
8059
8057
8056
8054
8053
8078
8077
8076
8075
8074
8073
8071
8070
8069
8067
8066
8065
8033
8031
8030
8028
8026
8025
8020
7979
7980
7981
7984
7985
7987
7988
7989
7990
8051
8050
8049
8045
8044
8043
8041
7968
7969
7970
7971
7972
7973
7974
7976
7977
8171
8169
8167
8166
8165
8164
8163
8162
8161
8158
8187
8185
8183
8180
8178
8177
8175
8174
8173
8140
8134
8133
8131
8130
8129
8127
8126
8125
8124
8123
8157
8156
8155
8154
8152
8149
8148
8147
8146
8145
8093
8092
8091
8088
8087
8086
8084
8083
8082
8080
8079
8105
8104
8103
8102
8101
8099
8098
8097
8096
8094
8120
8119
8118
8117
8116
8114
8112
8111
8109
8108
8107
8201
8199
8198
8197
8196
8195
8193
8192
8190
8189
8188
8234
8218
8222
8223
8227
8228
8229
8230
8231
8217
8202
8203
8205
8206
8211
8215
7929
8226
7890
7942
8113
7983
7995
7955
8034
8232
8179
8194
7877
8095
8018
8006
7991
7930
7944
8058
7870
7999
8159
8142
8122
7923
7949
7855
7856
8141
8128
8139
8138
8137
8136
7875
7946
7901
8023
8184
8186
8191
8182
8151
7904
8090
8089
7937
8037
8036
8021
8022
8213
7844
8035
8219
8221
8220
7865
7866
7892
8170
8010
8207
8209
8210
8212
8208
8042
8004
8027
8106
7963
8216
7964
7965
7886
8011
8132
7860
7867
7869
8233
8040
8235
8236
8237
8238
8239
8240
8241
8242
8243
8244
8245
8246
8247
8248
8249
8250
8251
8252
8253
8254
8255
8256
8257
8258
8259
8260
8261
8262
8263
8264
8273
8272
8265
8267
8270
8266
8269
8274
8268
8271
8275
8276
8277
8278
8279
8280
8376
8327
8630
8631
8619
8431
8457
8456
8615
8577
8575
8574
8329
8285
8286
8331
8418
8416
8417
8608
8637
8635
8399
8421
8419
8468
8462
8450
8607
8343
8506
8283
8288
8290
8292
8293
8294
8296
8297
8298
8299
8395
8487
8488
8489
8490
8493
8494
8495
8496
8497
8499
8500
8501
8503
8507
8508
8509
8510
8511
8512
8517
8519
8520
8521
8522
8523
8524
8570
8566
8569
8563
8562
8559
8557
8556
8553
8552
8551
8548
8547
8545
8544
8543
8539
8536
8534
8533
8359
8363
8368
8369
8374
8380
8382
8383
8386
8387
8388
8389
8390
8391
8349
8350
8351
8352
8353
8354
8357
8358
8333
8334
8335
8336
8337
8339
8340
8341
8342
8344
8345
8302
8309
8311
8313
8314
8315
8316
8318
8320
8321
8323
8440
8441
8442
8446
8447
8448
8449
8451
8454
8467
8471
8473
8474
8476
8477
8478
8479
8480
8481
8484
8485
8486
8605
8604
8603
8601
8599
8598
8597
8595
8592
8594
8593
8591
8588
8587
8586
8584
8583
8580
8579
8612
8408
8409
8410
8412
8413
8414
8424
8425
8427
8428
8429
8430
8432
8433
8435
8436
8437
8439
8402
8406
8407
8614
8634
8641
8642
8643
8644
8645
8625
8624
8623
8618
8629
8628
8627
8626
8647
8649
8632
8438
8639
8589
8596
8422
8312
8326
8287
8420
8423
8401
8443
8505
8561
8555
8300
8360
8301
8616
8281
8398
8600
8492
8472
8444
8581
8426
8411
8633
8620
8518
8617
8295
8381
8356
8459
8513
8590
8648
8338
8585
8483
8498
8289
8375
8646
8469
8310
8546
8434
8445
8403
8554
8355
8532
8558
8482
8317
8415
8526
8361
8332
8638
8535
8640
8530
8475
8458
8461
8527
8576
8567
8362
8364
8372
8365
8367
8405
8460
8371
8370
8491
8378
8379
8291
8528
8529
8346
8560
8392
8393
8394
8396
8602
8384
8385
8564
8565
8453
8452
8613
8610
8609
8611
8377
8621
8622
8303
8306
8366
8541
8542
8537
8531
8636
8572
8573
8578
8324
8325
8538
8400
8305
8307
8373
8606
8525
8328
8504
8308
8304
8550
8319
8515
8516
8397
8463
8464
8465
8466
8282
8284
8455
8540
8470
8568
8514
8404
8582
8347
8348
8330
8571
8549
8322
8502
9038
9039
9035
9036
8957
8958
8959
8960
9004
9006
9003
9005
9008
9010
8919
8921
8922
8923
8980
8983
9272
9188
9189
9169
8772
9073
9191
9131
9277
9014
8680
8681
9246
9244
9247
9248
9249
9250
9251
9252
9254
9255
9257
9256
9237
9243
9245
8878
9236
9239
9241
9242
9140
8737
9198
9197
9196
9190
9187
9183
9182
9181
9233
9231
9230
9228
9227
9225
9224
9223
9222
9221
9220
9219
9195
9193
9229
9218
9217
9216
9096
9104
9105
9000
8886
8888
8892
8862
8866
8873
8874
8730
8732
8733
8735
8736
9146
9142
9063
9065
9016
9019
9023
9024
9026
9031
9060
8953
8955
8974
8896
8912
8914
8741
8747
9180
9156
9160
9162
9034
9045
8945
8934
8943
8935
9268
9261
9263
9264
9284
9281
9103
8729
9144
9129
8963
8870
8798
8653
8661
9209
9015
8932
9089
8856
8659
8664
8652
8656
8660
8654
8662
8663
8658
9044
8651
9165
8657
8913
8655
8665
9100
8989
9020
8667
8748
9152
9151
9092
8939
8746
8728
9055
9159
9207
9126
9090
8889
8880
8881
8847
8946
8938
8857
8858
8940
9265
9266
9070
9174
8769
8773
8774
8775
8776
9157
8734
8898
9114
8789
8791
8792
8793
8794
8763
8764
8765
8766
8767
8757
8759
8760
8761
8762
8830
9123
8777
8778
8779
8780
8781
8782
8756
8813
9143
9043
9133
8783
8784
8786
8787
8788
8826
8795
8796
8797
8799
8800
8801
8802
9273
9278
9185
9269
9101
8723
8998
8690
9215
8990
8687
8828
8966
8884
8949
8839
9025
8872
8689
8844
9047
9232
8992
8679
8902
9226
8962
8967
9194
8701
8929
8755
9017
9029
9148
8708
9186
9163
8819
9199
8717
9139
8738
8758
8849
8785
8790
8768
9002
9067
9068
8933
8853
9214
9213
9208
9205
8942
9072
9260
9119
8890
8750
9097
8904
9087
8924
9059
9048
8875
9032
8869
9130
9030
9102
9137
8887
8876
9173
9112
8877
8891
8950
9028
9027
9064
9022
9138
9018
9171
9168
9061
9041
9001
9108
9062
9098
9122
9021
9270
8996
9052
9053
9177
9091
9155
8965
8918
9262
8860
8753
8868
9161
8752
8820
8834
8831
8832
8827
8833
8829
8825
8824
8823
8822
8821
9149
8964
8854
9128
8848
9258
8961
8871
9095
8907
9132
9093
9167
8673
8688
8675
8676
8678
8684
8672
8691
8693
8694
8695
8670
8671
8707
8706
8705
8703
8702
8699
8698
8697
8714
8715
8716
8718
8724
8721
8720
8722
9175
8725
8713
8719
8700
8850
8851
8712
8709
8835
8836
8837
8838
8840
8841
8842
8843
8810
8811
8812
8814
8815
8816
8817
8818
8674
8685
8669
8668
8696
8692
8686
8683
8677
8936
8948
8997
8995
9007
9110
9109
8928
8926
8927
8803
9107
8852
9056
8742
9094
9166
8975
8859
8809
8968
8969
9069
8855
8754
8666
8925
9135
9134
9124
9153
9118
9253
8804
9201
9238
9136
8650
9235
8807
9240
9204
8805
8806
8808
9276
9279
9275
8947
9234
9285
9088
8908
9054
8740
8937
9283
9203
9042
9125
9051
9081
9084
9083
9082
9046
8897
8999
8901
8743
8986
8985
9078
8861
8905
8906
8846
8845
9080
8930
8931
9282
8984
8977
8978
8976
8979
9037
9040
8903
9141
8731
8991
8863
8864
8865
8941
9154
8982
9085
8956
8682
8973
9271
9192
8910
8909
8994
8917
8915
8916
9076
9075
9074
8751
9077
9079
8745
8981
8944
8920
8739
9127
8885
8972
9280
8899
8900
8993
9117
9115
9049
9057
9058
8867
9050
9013
9009
9011
9267
9158
8879
8971
8970
9170
9033
8710
8711
9066
8954
8951
9287
9286
9106
9116
9202
9176
9145
9259
9099
9178
9179
8749
8744
9200
8726
8727
9274
9071
9113
9147
9184
9206
8911
9111
9164
9012
9150
9210
9211
9212
9086
8883
9172
8882
8770
8771
8987
8988
8952
9120
9121
8704
8893
8894
8895
9487
9454
9453
9389
9564
9445
9474
9574
9326
9290
9293
9349
9330
9451
9432
9471
9480
9476
9508
9507
9486
9506
9505
9504
9502
9501
9500
9498
9497
9496
9495
9494
9492
9491
9490
9594
9528
9517
9516
9515
9509
9511
9510
9591
9588
9551
9566
9570
9581
9547
9587
9578
9577
9544
9545
9431
9339
9379
9302
9575
9513
9493
9465
9397
9484
9412
9550
9595
9593
9534
9589
9341
9417
9543
9521
9503
9573
9310
9583
9390
9360
9288
9333
9329
9437
9366
9354
9314
9384
9424
9499
9373
9531
9295
9429
9386
9452
9592
9576
9549
9572
9555
9571
9568
9556
9563
9567
9597
9557
9530
9533
9532
9535
9536
9526
9518
9524
9519
9522
9322
9324
9321
9320
9319
9318
9317
9316
9315
9313
9338
9312
9308
9307
9306
9304
9303
9301
9300
9299
9298
9297
9296
9294
9292
9291
9347
9357
9361
9346
9345
9344
9343
9342
9337
9336
9335
9334
9332
9331
9402
9401
9405
9406
9410
9398
9396
9395
9394
9392
9391
9388
9387
9385
9383
9382
9380
9381
9378
9377
9376
9374
9372
9370
9369
9368
9367
9365
9457
9470
9459
9456
9464
9468
9448
9455
9444
9443
9442
9441
9440
9439
9438
9436
9435
9434
9427
9426
9423
9422
9421
9419
9418
9416
9415
9414
9413
9411
9461
9481
9488
9485
9580
9305
9364
9450
9473
9548
9590
9327
9584
9558
9579
9560
9328
9546
9463
9289
9600
9561
9599
9472
9462
9529
9428
9569
9358
9537
9433
9562
9538
9325
9540
9479
9475
9477
9340
9466
9596
9514
9460
9469
9449
9447
9446
9359
9430
9552
9553
9554
9489
9586
9363
9425
9478
9407
9408
9311
9525
9527
9601
9467
9582
9403
9350
9351
9352
9353
9355
9356
9458
9309
9542
9420
9399
9400
9362
9409
9371
9393
9512
9565
9404
9541
9483
9482
9523
9585
9539
9520
9348
9323
9559
9598
9375
9602
9603
9604
9605
9606
9607
9608
9609
9610
9611
9612
9613
9614
9615
9616
9617
9618
9619
9620
9621
9622
9623
9624
9625
9626
9627
9628
9629
9630
9631
9632
9633
9634
9635
9636
9637
9638
9639
9640
9641
9642
9643
9644
9657
10012
9971
9952
10017
9661
9677
9950
9999
9670
9740
9848
9850
9884
9885
9838
9667
9703
9693
9689
9790
9665
9741
9739
9738
9737
9676
9700
9698
9695
9694
9683
9748
9749
9750
9751
9752
9753
9755
9756
9758
9759
9760
9761
9762
9763
9764
9765
9766
9767
9769
9770
9771
9773
9774
9797
9776
9796
9795
9777
9779
9793
9780
9782
9789
9783
9784
9787
9785
9849
9847
9825
9846
9827
9844
9842
9831
9841
9843
9837
9839
9840
9829
9830
9833
9994
9995
9938
9939
9944
10035
10037
10039
10047
10042
10054
10055
9656
9744
9916
9917
9918
9923
9925
9926
9921
9927
9930
9931
9933
10016
10018
10019
10021
10022
10027
10026
10028
10029
10031
10077
9742
10094
9861
9682
9828
9799
9993
9835
10036
9947
9747
9892
9856
10048
9678
9851
9794
9958
9943
9887
9845
9727
9972
9980
9905
9886
9823
9899
9650
10024
9964
9969
9768
9680
10097
9876
9928
9705
10000
9775
9721
9929
9914
9757
9989
10008
9978
10088
9754
9702
9709
10020
9814
9772
9862
9808
9663
9919
9890
9685
9889
9888
9716
10038
10056
9815
9816
9818
9819
9820
9821
9822
9824
9912
9911
9910
9909
9908
9907
9906
9904
9903
9902
9935
9891
9893
9895
9896
9897
9898
10015
10014
10013
10010
10009
10007
10004
10003
10044
9998
9997
9996
9646
9652
9648
9647
9645
9649
9728
9707
9708
9710
9711
9712
9713
9714
9715
9717
9718
9719
9720
9722
9723
9724
9725
9726
9812
9813
9811
9810
9809
9807
9806
9805
9804
9883
9882
9881
9879
9875
9874
9873
9860
9859
9858
9857
9855
9853
9852
9865
9866
9867
9868
9869
9870
9974
9976
9979
9981
9982
9983
9984
10049
9990
9988
9986
9985
9953
9951
9954
9957
9959
9960
9962
9970
9967
9966
9965
9963
10046
9872
10096
10095
9688
10091
10090
10093
10089
10092
10086
10085
10075
10074
10073
10072
10080
10071
10070
10069
10065
9987
9653
10058
9900
10063
9654
10032
9871
9736
9655
9706
9901
10043
9880
10040
9894
9863
10066
9662
9778
9745
9659
9660
9936
9651
9834
10064
9732
9697
9679
9681
9684
9746
10041
10045
10057
10059
9666
9668
9817
9798
9691
10081
10076
9940
10025
9704
9675
10030
10033
10034
9735
9692
9673
9672
9674
9671
9731
9696
9915
10001
10002
10005
10023
10060
9878
9877
9734
9733
9932
9949
10079
9942
9941
9664
9786
10050
10051
9792
10067
9937
9922
9729
9701
10083
10084
9913
9687
9686
10082
9991
9800
9836
9730
9961
9788
10068
10011
9968
9948
10053
10052
10087
9826
10006
9699
9920
9832
9975
9977
9781
9934
10078
9669
9791
9956
9955
9973
9854
9992
9658
9864
9924
10061
10062
9743
9801
9802
9803
9945
9946
9690
10171
10167
10153
10154
10229
10204
10205
10206
10207
10143
10141
10139
10379
10363
10256
10286
10252
10378
10314
10383
10347
10285
10224
10263
10370
10248
10344
10304
10123
10336
10334
10341
10324
10152
10117
10279
10366
10242
10129
10223
10127
10110
10297
10211
10312
10308
10148
10165
10196
10179
10232
10233
10273
10146
10208
10151
10202
10201
10156
10195
10158
10194
10193
10162
10189
10170
10173
10174
10136
10098
10099
10100
10111
10103
10115
10114
10116
10121
10105
10212
10215
10222
10221
10250
10249
10251
10247
10245
10244
10243
10257
10259
10241
10262
10283
10278
10276
10274
10332
10333
10337
10338
10342
10298
10299
10300
10301
10322
10348
10352
10364
10373
10361
10360
10374
10377
10380
10356
10384
10354
10353
10306
10288
10303
10302
10290
10125
10209
10210
10124
10235
10237
10239
10264
10266
10267
10268
10270
10271
10329
10328
10326
10317
10325
10318
10323
10320
10369
10365
10234
10106
10238
10128
10330
10258
10261
10362
10246
10168
10335
10144
10131
10145
10340
10130
10280
10371
10253
10186
10372
10137
10134
10172
10163
10203
10104
10107
10219
10220
10225
10227
10228
10231
10255
10284
10282
10281
10272
10311
10331
10339
10296
10293
10349
10350
10351
10375
10357
10385
10287
10289
10236
10315
10327
10254
10345
10346
10101
10132
10108
10119
10118
10277
10230
10122
10359
10213
10160
10159
10381
10382
10133
10113
10112
10182
10135
10217
10216
10240
10269
10161
10164
10376
10260
10355
10147
10142
10358
10275
10214
10367
10138
10191
10192
10109
10102
10176
10175
10178
10177
10184
10343
10368
10120
10166
10126
10294
10295
10319
10226
10199
10200
10218
10169
10321
10313
10155
10157
10188
10316
10292
10307
10305
10140
10190
10310
10309
10183
10185
10187
10198
10197
10265
10291
10149
10150
10180
10181
10645
10646
10623
10686
10697
10692
10462
10685
10688
10689
10694
10696
10461
10393
10394
10691
10695
10631
10672
10673
10636
10637
10580
10613
10700
10701
10703
10711
10713
10712
10715
10720
10699
10704
10616
10647
10723
10724
10566
10634
10598
10674
10725
10412
10457
10545
10606
10679
10431
10582
10472
10480
10501
10468
10397
10419
10532
10440
10484
10437
10447
10464
10677
10391
10655
10657
10523
10574
10400
10539
10666
10413
10632
10663
10621
10549
10558
10458
10542
10603
10684
10497
10717
10698
10714
10690
10496
10678
10682
10640
10494
10605
10639
10535
10536
10540
10471
10470
10469
10467
10559
10466
10465
10560
10463
10561
10562
10407
10406
10410
10414
10423
10409
10411
10448
10415
10416
10417
10418
10422
10421
10420
10432
10430
10424
10425
10428
10429
10441
10438
10439
10436
10435
10434
10450
10445
10444
10443
10449
10446
10442
10459
10452
10451
10460
10408
10453
10456
10426
10455
10454
10427
10398
10396
10399
10401
10402
10403
10405
10404
10392
10395
10390
10389
10388
10387
10687
10607
10528
10527
10526
10495
10525
10498
10500
10502
10503
10505
10512
10514
10517
10522
10521
10520
10608
10609
10610
10676
10630
10675
10659
10660
10661
10662
10669
10668
10667
10665
10664
10670
10671
10633
10635
10638
10650
10652
10651
10648
10656
10658
10649
10653
10654
10534
10533
10474
10531
10475
10530
10477
10478
10529
10491
10482
10489
10483
10488
10485
10487
10486
10541
10543
10544
10557
10556
10553
10552
10551
10555
10550
10546
10547
10563
10565
10572
10573
10575
10519
10576
10581
10577
10578
10579
10583
10584
10585
10588
10586
10587
10680
10681
10629
10628
10627
10626
10622
10702
10716
10719
10721
10726
10473
10594
10518
10492
10599
10604
10601
10591
10592
10595
10433
10718
10589
10600
10590
10597
10596
10593
10602
10481
10683
10644
10504
10612
10614
10618
10620
10619
10617
10615
10643
10641
10642
10710
10524
10554
10568
10570
10571
10569
10722
10706
10611
10709
10708
10567
10386
10499
10537
10538
10693
10507
10508
10511
10624
10625
10705
10506
10509
10510
10513
10515
10516
10564
10490
10493
10479
10707
10476
10548
11173
10900
11014
11051
11172
10830
11168
11104
11065
11027
10978
11120
10984
10986
11029
11024
11030
11135
10980
10872
11122
10964
10991
11064
11229
10738
10743
10865
10790
11215
10873
10879
11138
10841
10898
10899
10837
10895
10827
11050
10828
11205
11154
11220
10771
11091
11059
11196
11057
10866
10994
10992
10990
10947
10943
10944
10941
10867
10854
10987
11107
11020
11184
11175
11198
11194
10932
10926
10886
10783
11001
10998
10942
10945
10844
10961
11157
10779
10927
11147
10903
10902
11185
10890
10931
11074
10774
10781
10727
11180
10977
11039
10817
10953
11160
10951
10823
10799
11203
10813
11178
10965
10758
10762
10749
11016
10948
10995
11004
10860
10861
10862
10863
10864
10997
10996
10946
10940
10852
10848
10846
10999
11003
11005
10949
10976
10975
10954
10982
10955
10981
10956
10939
10901
10937
10936
10935
10853
10855
10857
10874
10851
10818
10843
10842
10819
10840
10839
10821
10816
10815
10812
10811
10810
10809
10808
10802
10807
11006
11008
11119
11009
11118
11010
11011
11116
11115
11012
11114
11013
11113
11015
11111
11110
11017
11018
11108
11105
11021
11103
11022
11102
11023
11100
11028
11031
11099
11033
11098
11036
11037
11096
11038
11092
11041
11043
11044
11090
11045
11089
11049
11087
11052
11053
11086
11054
11085
11055
11082
11056
11081
11058
11078
11077
11076
11060
11061
11062
11075
11063
10772
10770
10769
10768
10767
10775
10776
10782
10777
10780
10778
10973
11125
11124
11189
11126
11188
11127
11187
11128
11186
11132
11133
11183
11137
11182
11139
11181
11140
11179
11142
11143
11177
11176
11174
11144
11170
11145
11146
11169
11167
11148
11150
11166
11165
11155
11164
11156
11163
11161
11158
11159
11200
11201
11206
11208
11209
11210
11211
11213
11216
11217
11218
11219
11221
11222
11223
11224
11225
11226
11227
11228
11230
11231
11232
11121
11123
11195
11197
10959
10960
10962
10963
10910
10934
10911
10912
10933
10914
10915
10916
10930
10928
10917
10919
10918
10925
10923
10920
10897
10896
10875
10876
10877
10894
10878
10893
10892
10889
10881
10888
10882
10883
10887
10838
10824
10825
10836
10835
10826
10833
10832
10831
10829
10793
10791
10773
10788
10787
10789
10784
10950
10909
11079
10785
11007
11093
10988
11141
10814
10746
10745
10744
10742
10741
10740
10739
10737
10736
10735
10734
10733
10732
10731
10730
10729
10728
11047
11048
11046
11162
10958
11101
10748
10750
10751
10752
10753
10754
10755
10756
10757
10759
10760
10761
10763
10764
10765
10766
10747
10792
11199
11130
11131
10924
11072
11073
11068
11067
11071
11066
11070
11069
10993
11109
10820
10850
11212
11134
10822
11002
11207
10985
11019
11035
11202
10891
10957
11000
11214
11040
10983
11042
11094
10952
10800
10801
11204
11117
11095
10786
10969
10968
10966
11097
10967
10971
10970
10913
10858
10989
10856
10972
10974
10804
10803
11151
11152
11153
10929
10859
10798
10847
10849
10796
10794
10797
10795
10869
10868
11034
11032
11083
11084
10979
11136
10805
10806
11025
11026
10871
10845
11106
11171
10870
11193
11088
11080
10921
10922
10880
10834
11112
10938
10884
10885
11190
11191
11192
11129
11149
10904
10906
10905
10907
10908
11236
11235
11233
11234
11237
11238
11239
11240
11241
11242
11243
11244
11245
11246
11247
11248
11249
11250
11251
11252
11253
11254
11255
11256
11257
11258
11259
11260
11261
11262
11263
11264
11265
11266
11267
11268
11269
11270
11271
11272
11273
11274
12092
11516
11411
11474
11932
11905
11908
11684
11898
11520
11525
11799
11586
11544
11400
11537
11501
11534
11373
11498
11385
11863
11862
12071
11374
11740
11715
11487
11486
11485
11481
11323
11610
12069
12033
11659
11993
11490
11491
11634
11481
11323
11610
12069
12033
11659
11993
11490
11491
11634
11635
11311
11310
11309
11812
11815
11814
11278
11489
12079
11496
11494
11495
11533
11532
11535
11536
11518
11519
11790
11789
11976
11977
11444
11883
11901
11497
11395
11317
12001
11484
11483
11461
11462
11463
12097
11299
11280
11282
11982
11776
11966
11849
11773
11780
11402
11839
11767
11325
11326
11396
12080
11911
11979
11997
12000
12083
11910
11592
12075
12076
12084
12077
12022
12002
12020
12014
11991
11900
12010
11729
11730
11711
11621
11620
11579
11969
11989
11987
11921
11914
11912
11678
11999
12013
12007
11598
11970
11287
11683
11968
12015
11676
11413
11289
11794
11795
11577
11793
11355
11968
12015
11676
11413
11289
11794
11795
11577
11793
11355
11549
11909
11939
11300
11775
11507
11508
11599
11584
11356
11505
11504
11938
11965
11436
11636
11372
11460
11337
11573
11455
11805
11290
11429
11588
11687
11689
12017
11832
11992
12078
11442
11859
11643
11876
11435
11980
11981
11926
11329
11633
11802
11639
11690
11881
11860
11457
11512
11580
12006
11421
11623
11482
11638
11677
11443
11706
11657
11660
11922
11370
11545
11871
11869
11840
11841
12058
12004
11754
11695
11732
11731
11397
11829
11652
12027
11609
11281
11597
11431
11607
11331
11571
11349
11475
11937
12040
11334
11554
12067
11816
11850
11415
12041
11453
11542
11962
11558
11884
11358
11569
11872
11564
11803
11543
11944
11954
11875
11861
11890
11857
11856
12061
12030
11791
11854
11945
11852
11963
11792
11774
11778
12037
11807
11874
11956
11923
11964
11783
11933
11782
11951
11769
11952
11801
11781
11942
11943
11844
11886
11808
11842
11934
11878
12043
12042
12059
12046
11777
12065
12063
12034
12032
12031
11959
11804
12047
12066
11851
11846
12055
11955
11843
11941
11771
11949
12045
11515
11445
11559
11324
11322
11464
11376
11414
11416
11408
11446
11320
11470
11561
11391
11439
11469
11456
11566
11552
11550
11477
11330
11434
11297
11540
11427
11548
11321
11354
11423
11441
11316
11359
11480
11538
11368
11399
11760
11810
11390
11432
11454
11948
11563
11845
11889
11350
11365
11870
12028
11864
12048
11763
11935
11809
11960
12062
11288
11572
11902
11988
11788
11478
11296
11283
11688
12086
11994
12085
11971
11800
11656
11582
11853
11375
11779
11363
11647
11575
11940
11946
11947
11972
11880
11424
11990
11714
11888
12029
11665
11553
11703
11913
11784
11437
11648
11681
11682
11710
11848
11335
11449
12038
11750
11404
11891
11567
11568
11903
11292
11658
11904
11950
11847
11347
12019
11973
11772
11818
11702
11627
11626
12021
11581
12016
11667
11666
11412
11650
11748
11899
11725
11737
11831
11637
11583
11958
11957
11996
11736
11377
11318
11806
11823
11745
11744
11743
11741
11894
11739
11755
11742
11786
11622
11401
11887
11931
11410
11277
11279
11286
11551
11893
11503
11425
11796
11371
11590
11295
11465
11473
11629
11393
11511
11409
11628
11293
11298
11720
11624
11694
11770
11936
11596
11651
11458
11961
12051
11644
11546
11294
11930
11353
11726
11613
11547
11758
11394
11576
11403
11369
11827
11500
11466
11467
11574
11600
12036
11327
11713
11438
11560
11340
11855
11723
11645
11724
11450
11826
11342
11387
11836
12087
11513
11514
11419
11565
11727
11785
11766
11824
11825
11502
11787
11313
11315
11312
11314
11302
11301
11757
11835
12068
12023
12024
11686
11984
11983
11488
11885
11929
11873
11492
11493
12064
11319
11704
11304
11417
11811
11753
11388
11985
11662
11612
11673
11661
11674
11975
11669
11671
11625
11422
11556
11557
11670
11448
11570
11344
11562
11381
11382
11332
11333
11291
12082
11367
11998
11738
11974
11700
11701
11917
11918
11919
11920
11798
11617
12054
11386
11631
11916
11530
11529
11528
11526
11527
11509
11822
11305
11762
11764
11587
11679
12008
11646
11433
12052
11685
11986
11348
11364
11352
11585
11897
12090
12091
11747
11430
11608
11428
11837
11896
11276
11275
11420
11642
11476
11360
11357
12089
11389
11510
11343
11813
11691
11928
11593
11594
11591
11867
11953
11868
11447
11303
11601
11611
11640
11418
11398
11907
11906
12088
11440
11506
11606
11605
11877
11603
12057
12056
11820
12060
12009
11892
11618
11630
11927
11578
12039
11797
11366
11407
12053
11733
11734
11821
11721
11692
11664
11728
11756
11895
11479
11833
11915
11380
11346
11384
11345
11555
11735
11451
11452
11722
11924
11709
11817
11619
12026
12025
11712
11978
11828
12011
11351
11834
11838
11383
11819
11541
11746
11604
11602
11307
11751
12005
11705
11675
11672
11663
11468
11336
11595
12081
11765
12072
11707
11708
11879
12070
11655
12074
12073
11284
11589
11426
11865
11866
12044
11306
11341
12093
11641
11632
12035
12050
12049
11967
11668
11680
11285
12012
11378
11379
11459
11697
11698
11699
12018
11649
11338
11339
11717
11716
11653
11654
11759
12003
12101
11392
11858
11328
12100
11362
11614
11615
11616
11361
12094
12095
11752
11523
11524
12096
11308
11830
11719
11718
11405
11406
11521
11995
11522
11768
11531
12098
12099
11517
11882
11696
11925
11539
11471
11472
11499
11693
11761
11749
12300
12508
12112
12210
12212
12350
12351
12429
12492
12493
12499
12500
12501
12457
12136
12461
12172
12520
12541
12134
12182
12185
12177
12179
12104
12449
12431
12455
12452
12334
12251
12397
12252
12415
12249
12367
12486
12363
12340
12200
12465
12294
12296
12192
12150
12154
12311
12502
12326
12343
12307
12230
12243
12291
12357
12317
12161
12215
12221
12217
12228
12260
12285
12524
12208
12320
12335
12218
12206
12289
12276
12469
12507
12445
12390
12235
12238
12321
12400
12536
12423
12111
12108
12308
12523
12358
12479
12477
12498
12338
12166
12168
12157
12372
12460
12277
12464
12426
12422
12459
12468
12424
12379
12245
12254
12274
12132
12138
12369
12148
12391
12333
12331
12330
12332
12376
12336
12392
12410
12444
12327
12288
12384
12281
12152
12488
12242
12199
12201
12267
12407
12280
12129
12214
12233
12436
12211
12472
12106
12105
12388
12110
12265
12202
12159
12533
12532
12538
12279
12145
12287
12406
12476
12144
12370
12239
12339
12231
12234
12283
12439
12435
12140
12256
12409
12207
12223
12261
12209
12315
12226
12227
12282
12139
12255
12302
12412
12481
12248
12527
12284
12219
12286
12450
12378
12229
12292
12362
12205
12266
12224
12342
12118
12222
12328
12325
12341
12220
12375
12408
12534
12225
12232
12496
12113
12297
12540
12135
12347
12241
12526
12275
12497
12305
12490
12160
12141
12438
12405
12381
12359
12312
12318
12356
12434
12404
12361
12237
12195
12314
12198
12114
12482
12316
12441
12253
12158
12236
12299
12272
12263
12303
12489
12505
12503
12474
12151
12329
12319
12197
12387
12216
12119
12171
12169
12258
12102
12131
12355
12322
12344
12121
12268
12264
12240
12269
12475
12213
12156
12462
12163
12155
12403
12413
12470
12116
12290
12458
12337
12190
12149
12374
12467
12178
12183
12130
12402
12173
12153
12371
12466
12324
12309
12310
12491
12432
12293
12454
12456
12360
12354
12188
12366
12186
12494
12373
12278
12447
12257
12433
12425
12418
12446
12180
12181
12259
12396
12394
12485
12189
12298
12137
12246
12271
12313
12411
12301
12364
12203
12167
12164
12165
12443
12123
12127
12128
12125
12120
12122
12348
12349
12323
12193
12368
12146
12442
12377
12383
12250
12463
12352
12353
12401
12509
12162
12539
12427
12382
12487
12480
12345
12170
12495
12270
12273
12142
12143
12419
12420
12421
12385
12124
12126
12196
12511
12521
12510
12522
12175
12176
12109
12262
12514
12515
12512
12513
12365
12389
12528
12535
12184
12516
12103
12117
12517
12471
12244
12247
12194
12440
12506
12437
12306
12451
12399
12107
12416
12430
12428
12453
12417
12530
12529
12531
12187
12525
12115
12478
12518
12519
12537
12393
12395
12484
12483
12473
12204
12414
12398
12386
12191
12448
12380
12147
12133
12346
12174
12504
12295
12304
12547
12543
12544
12546
12542
12545
12548
12549
12550
12551
12552
12553
12554
12555
12556
12557
12558
12559
12561
12560
12562
12563
12564
12565
12566
12567
12568
12569
12570
12571
12572
12573
12574
12575
12576
12577
12578
12579
12580
12581
12582
12583
12584
12585
12586
12587
12588
12589
12590
12591
12592
12593
12594
12595
12596
12597
12598
12599
12600
12601
12602
12603
12604
12605
12606
12607
12608
12609
12610
12611
12885
12886
12884
13113
13112
13280
13368
12736
12881
12878
13253
13323
12632
13264
12688
12944
12707
12893
13599
13621
13375
13490
12664
13636
12735
13117
13635
12702
12720
13174
12785
12875
12877
12901
12894
12953
12762
12817
12754
12733
12679
12818
12820
12728
12819
12697
12822
12687
13573
13551
13552
13553
13554
13555
13556
13543
13535
13536
13537
13544
13538
13539
13545
13546
13540
13541
13547
13542
13548
13527
13528
13529
13549
13550
13481
13482
13473
13509
13483
13510
13474
13511
13485
13513
13514
13489
13515
13530
13491
13475
13492
13493
13494
13476
13531
13495
13496
13477
12921
13488
13532
13470
13471
13472
13534
13317
13318
13319
13320
13321
13322
13324
13326
13327
13329
13330
13331
13332
13333
13334
13335
13336
13337
13338
13339
13340
13341
13342
13343
13358
13359
13344
13345
13346
13360
13347
13348
13362
13349
13350
13351
13352
13353
13363
13354
13364
13355
13356
13365
13357
13379
13380
13366
13381
13382
13383
13384
13367
13385
13386
13387
13388
13369
13389
13370
13390
13391
13392
13393
13394
13395
13396
13397
13402
13371
13372
13373
13374
13376
13377
13378
13361
13110
13109
12651
12768
12622
12705
12625
12613
12672
12955
12956
12958
12959
12962
12965
12966
13071
13069
13094
13082
13093
13091
13090
13089
13085
13081
13111
13108
13104
13102
13101
13099
13096
13126
13125
13123
13122
13121
13120
13118
13114
13142
13141
13139
13138
13136
13133
13130
13155
13152
13151
13150
13148
12833
13147
13146
13145
13144
13175
13173
13171
13169
13164
13163
13162
13161
13159
12961
12964
12926
12925
12993
12992
13070
13095
13088
13087
13086
13083
13106
13105
13103
13098
13128
13127
13124
13119
13116
13083
13106
13105
13103
13098
13128
13127
13124
13119
13116
13140
13137
13135
13154
13149
13176
13172
13168
13167
13157
12658
12638
12645
12640
12698
13038
12627
12630
12623
12631
12708
12957
13084
13134
13132
13131
13153
12663
12621
12626
12618
12656
13115
13100
12960
12963
13033
13156
13107
12616
12700
12647
13646
13645
13644
13643
13642
13641
13639
13638
13628
13629
13630
12634
12649
13631
13637
13620
13622
13624
13625
13626
13627
13594
13595
13596
13597
13598
13600
13601
13585
13586
13588
13589
13590
13591
13592
13593
13567
13568
13569
13570
13571
13574
13575
13558
13560
13561
13562
13563
13564
13565
13566
13307
13308
13309
13310
13311
13312
13313
13314
13315
13293
13294
13295
13296
13297
13298
13299
13301
12620
13305
12928
12662
12987
13623
12999
12927
13026
12938
12937
13005
13029
12994
12996
12932
12676
12685
12619
13177
12617
12615
12675
12657
12930
12934
12933
13032
12680
12646
12639
13037
13044
12637
13056
12667
13634
13632
13633
12614
13459
13461
13462
13464
13465
13466
13467
13468
13469
12644
13078
12710
13247
12977
13231
13222
13217
12972
12971
13186
13194
13243
13241
13195
13011
13009
13007
12973
12978
13227
13237
12980
13013
13244
13233
13200
13192
12970
13014
12974
13012
13010
13206
13240
13250
13008
13239
13248
13223
13211
13215
13229
13228
13235
12908
12909
12910
12911
12912
12913
12914
12915
12916
12917
12918
12919
12920
12923
12924
12854
12855
12856
12857
12858
12859
12860
12861
12862
12863
12864
12865
12866
12867
12868
12869
12840
12841
12842
12843
12844
12845
12846
12847
12848
12849
12850
12851
12852
12853
12801
12802
12803
12804
12805
12806
12807
12808
12809
12810
12811
12812
12813
12814
12628
12826
13501
12770
12769
12772
12771
13183
13479
13079
12982
13042
13043
13180
13181
13046
13045
13325
13041
13035
12786
13487
12790
12791
12792
12793
12794
12795
12796
12797
12798
12799
12800
12738
12739
12740
12741
12743
12744
12745
12746
12829
12742
13640
12703
12641
12699
12677
12714
12766
12718
12716
12764
12711
12696
12722
12706
12660
12669
12880
12890
12891
12895
12896
12898
12899
12900
12836
12839
13398
13399
13400
13411
13421
13425
13533
13486
13401
13403
12635
12633
12874
13000
13001
13004
12984
12929
12991
13039
13040
12935
12998
13067
13047
13036
12931
13053
13064
13057
13068
13058
13052
13097
12882
12827
13572
12729
12713
12759
12712
12709
12989
12668
12904
12905
12906
13092
12659
13077
12681
12654
13048
13405
13408
13409
13410
12873
12624
12748
12749
12750
13187
13188
13507
13406
13407
13412
13413
13416
13417
13419
13422
13424
13426
13428
13414
13415
13418
13420
13423
13516
13517
13518
13519
13521
13524
13525
12889
12903
12832
12834
12838
13526
12661
12612
13404
12815
13328
13265
13165
13166
13505
13559
12755
13129
13160
12717
13587
13460
13143
13478
13300
13302
13303
13304
13306
13463
13512
13674
13498
13520
13158
13456
12922
13170
13522
13523
12719
13080
13075
13031
12753
12761
12782
12629
12763
13030
13050
13003
12936
13002
13066
13027
13062
13049
13055
13059
12986
12995
13024
13072
13076
12997
13065
13063
12721
12715
12988
12985
12983
13028
12981
13019
12648
12767
12760
13061
13060
13054
12787
12701
13074
13023
12723
12765
12682
12670
12777
12671
12666
12643
12774
13016
12686
12704
12683
13051
12751
13025
12823
12674
13022
13021
13015
12789
12902
12775
12652
12653
12783
12776
12678
12990
12784
12816
12690
12684
13017
12780
12758
12773
12779
12747
12734
12725
12695
12693
12689
12694
12692
13073
12781
13441
13434
13435
13432
13452
13453
13454
13448
13449
13450
13443
13442
13431
13446
13444
13430
13427
13437
13499
13455
13457
13458
13497
13436
13451
13440
13438
13429
13447
13445
13439
13189
13205
13204
13216
13234
13232
13230
13218
13179
13201
13202
13209
13224
13225
13198
13196
13193
13190
12636
13665
13666
13667
13668
13669
13664
13663
13661
13660
13662
13670
13672
13673
13671
13656
13657
13658
13659
13655
13654
13653
13652
13651
13650
13576
13577
13578
13579
13580
13581
13582
13583
13584
13607
13606
13605
13604
13603
13602
13608
13609
13610
13611
13612
13613
13614
13615
13616
13617
13618
13619
13647
13648
13649
13267
13263
12949
12954
13261
13255
13281
13282
13283
13268
13269
13270
13272
13273
13254
13256
13257
13258
13259
13260
13262
12952
12951
12948
12947
12945
12943
12942
12941
12940
12939
13266
13285
13286
13287
13288
13289
13290
13291
13292
13274
13275
13276
13277
13278
13279
13284
12727
12950
12665
12757
12837
13242
13006
13208
13212
13203
13191
13197
13184
13226
13249
13238
12976
12979
12975
12731
12691
12946
13271
13221
12732
13207
13251
12752
13182
13199
13246
13245
13252
13236
12969
13210
13213
13214
13219
13220
13185
12968
12655
12724
12778
12673
12825
13480
12887
13557
12883
12888
12967
13503
13502
13316
13018
13508
13178
12756
12897
12892
12828
12830
12831
12876
12835
12872
12871
12879
12737
12821
13433
13034
13500
13504
13506
13020
12650
12907
12730
12870
12788
12642
12726
13484
12824
15683
15685
15351
15410
15892
15353
15318
16103
16104
16105
16106
15341
15313
15805
15303
15304
15301
15302
15335
15806
15237
16163
16210
16069
16070
16068
16067
16093
16092
15452
15343
15820
15364
15935
15934
15450
15235
16033
15906
15854
15876
15517
15212
15209
15390
15456
15099
15103
15494
15161
15184
15557
15079
15078
15082
15085
15087
15123
15134
15136
15245
15609
15250
15262
15436
15401
15402
15411
15375
15395
15392
15389
15217
15190
15398
15385
15216
15381
15180
15384
15418
15416
15104
15316
15317
15360
15311
15333
15349
15300
15499
15524
15544
15828
15568
15548
15545
15227
15659
15219
15253
15159
15167
15336
15439
15256
15658
15845
15880
15525
15501
15556
15152
15293
15163
15086
15893
15711
15716
15768
15785
15888
15342
15669
15511
15508
15479
15626
15593
15571
15577
15558
15553
15536
15532
15114
15504
15487
15275
15735
15287
15295
15315
16322
15366
15397
15422
15437
15427
15425
15261
15254
15251
15242
15081
15192
15185
15191
15170
15112
15110
15070
15291
15306
15347
15363
15370
15421
15420
15441
15438
15265
15260
15132
15096
15089
15084
15215
15200
15186
15176
15160
15146
15142
15108
15069
15783
15786
15792
15794
15891
15926
15928
15939
15941
15610
15650
15628
15586
15583
15566
15554
15538
15183
15129
15417
15388
15546
15633
15943
15921
15843
15168
15196
15236
15249
15442
15324
15288
15451
15560
15588
15473
15664
15954
15923
15869
15355
15591
15616
15567
15773
15822
15795
15803
15848
15883
15952
15601
15374
15386
15244
15221
15470
15097
15203
15141
15138
15113
15105
15423
15223
15083
15267
15173
15629
15604
15676
15623
15699
15812
15882
15605
15522
15509
15630
15585
15576
15563
15555
15498
15286
15283
15357
15387
15431
15266
15233
15232
15218
15199
15155
15150
15780
15140
15362
15446
15755
15491
15350
15115
15391
15153
15337
15297
15264
15937
15543
15528
15886
15715
15503
15462
15924
15518
15547
15230
15380
15520
15512
15485
15666
15475
15660
15787
15774
15649
15327
15367
15413
15139
15193
15762
15799
15613
15332
15214
15137
15681
15826
15942
15965
15331
15310
15481
15833
15726
15653
15656
15255
15639
15611
15519
15539
15534
15305
15359
15156
15162
15130
15607
15712
15791
15507
15846
15323
15379
15376
15432
15269
15268
15241
15224
15213
15117
15179
15154
15102
15691
15700
15707
15728
15946
15515
15766
15807
15951
15463
15652
15572
15847
15551
15459
15759
15592
15602
15779
15672
15761
15867
15877
15131
15348
15220
15127
15149
15414
15282
15231
15274
15689
15345
15270
15641
15484
15090
15612
15285
15144
15403
15902
15733
15777
15540
15590
15340
15797
15352
15578
15109
15307
15292
15802
15600
15857
15844
15853
15896
15884
15488
15734
15742
15959
15881
15107
15294
15319
15369
15169
15228
15944
16184
15453
15454
15527
15739
15710
15537
15784
15202
15426
15178
15308
15252
15092
15368
15273
15148
15263
15424
15195
15365
15492
15717
15778
15718
15933
15855
15911
15561
15648
15587
15157
15573
15126
15394
15378
15636
15860
15852
15757
15151
15631
15625
15767
15775
15521
15885
15756
15760
15564
15931
15344
15279
15621
15419
15486
15181
15862
15627
15692
15929
15947
15813
15751
15796
15550
15938
15859
15866
15204
15207
15415
15338
15122
15565
15562
15801
15765
15643
15746
15645
15680
15071
15632
15239
15076
15240
15811
15667
15727
15634
15842
15714
15642
15701
15831
15182
15234
15455
15927
15334
15121
15372
15312
15296
15222
15705
15080
15764
15093
15095
15278
15281
15874
15790
15393
15328
15298
15277
15655
15599
15257
15960
15957
15709
15405
15500
15552
15072
15074
15175
15815
15483
15678
15111
15809
15829
15172
15529
15682
15620
15124
15850
15719
15670
15904
15259
15542
15747
15706
15622
15731
15238
15841
15948
15377
15206
15723
15608
15448
16312
15404
16290
15246
16318
16235
16298
15671
15530
15493
15958
15400
15480
15713
15322
15321
15898
15818
15635
15513
16296
16301
16319
16311
15702
15644
15665
15889
15925
15428
16247
15339
15741
16185
15963
16268
15693
16223
15290
15772
15133
15502
15101
16256
15489
15188
15721
16293
16288
16307
15789
16289
15729
15490
16246
15651
15383
15594
16305
16200
15724
15569
16302
15549
16238
16205
15956
15430
15354
15758
16310
16266
16279
16284
15325
15382
16249
16287
16316
16308
15371
16317
16230
15580
16300
16304
16265
15523
15314
15399
15814
16254
15637
16162
16202
16231
16258
16294
15763
16173
16248
15835
16234
15510
16309
15895
16149
16321
16243
16241
16215
16228
16186
16148
16147
15945
15832
15647
16229
15617
16139
16219
16283
16253
16255
15526
16144
16160
15657
16237
15272
16124
16183
15271
15646
16196
16282
15597
16204
16107
16306
15284
16276
16206
15358
15464
15116
15299
15460
15531
15559
15506
16102
16108
16119
16131
16152
16177
16263
15482
16049
15158
15817
16128
16161
16170
15276
15248
16218
15688
15703
15075
15894
16100
16122
15968
15858
15864
16222
15677
16158
16165
16199
16313
16281
15094
16225
15177
15823
16273
16272
16280
16220
16212
16209
15373
15243
16164
16201
15930
16259
15730
15309
16155
16168
16197
16188
15698
16216
15434
16244
16095
16096
16150
15985
15995
16054
16060
16071
16167
16026
15119
15474
15596
16112
16138
16179
16275
16181
16172
15289
16075
15824
16299
15356
16134
16141
16146
15280
16086
16221
16094
16260
16077
16058
16045
16303
16046
16024
16007
16006
15983
15975
15973
15961
15788
16250
15861
16277
15745
15922
15725
15606
15752
15638
15736
15738
15720
15821
15663
15722
15662
16014
15457
15748
16292
15899
16251
16278
16295
16291
15598
16087
16078
16027
16021
16013
16000
15737
15982
15890
15396
16121
15868
16064
15984
15582
16227
15247
16286
15618
15118
16020
15732
15900
16073
16120
16217
16285
16061
16117
15574
16032
16145
15595
16072
15816
16059
16242
16010
15993
15435
15128
16315
16257
16091
15980
16019
15679
15687
15073
15804
15603
16159
15433
15870
15971
16044
15614
16066
15978
16040
16053
15514
16039
15690
16214
15694
15661
15697
15584
16041
16232
15686
16101
16174
16314
16271
15969
15497
15106
16090
16135
15589
15979
16083
16063
15704
16036
15581
16089
16030
16207
16116
16129
16123
16001
15999
15997
16002
16012
16015
15986
15988
16008
15991
16097
16126
16127
16109
16022
16038
16037
15996
15987
16017
16047
16018
16171
16074
16052
16048
16035
16004
16224
16153
16187
16169
16203
16140
16208
16240
16213
16211
16189
16192
16154
16156
16011
16031
16056
16055
16080
16028
16043
15849
15856
16132
16114
15966
15897
15863
16023
15749
15834
16130
16133
16118
16262
15329
15992
15326
15330
15827
15800
15808
15981
15977
15974
16081
16029
15879
16076
15936
15905
16269
16233
16264
16245
16267
16274
16239
16180
15505
15914
15851
15970
15750
16297
16079
16137
16009
15994
16157
16320
16113
16082
15989
15865
15675
16099
16125
16110
16065
15990
15258
15640
15771
15769
15770
15447
15575
15967
16085
15541
16175
15798
15205
15187
16182
15208
15684
15668
16051
15189
16003
15962
16151
15624
15229
15875
15873
15872
15871
15197
15198
15901
15068
15461
15210
15674
15495
15496
15708
15793
16115
16136
15955
15838
15837
15839
15077
15443
15903
15120
16236
15673
15067
16025
15516
16088
15444
15445
15819
15171
15781
15782
16166
15940
16226
15830
16005
15619
16198
15088
15579
15743
15744
16194
16190
16191
16193
15753
15754
15976
15776
15226
15135
16195
16261
16057
15440
15740
15907
15908
15909
15910
15917
15919
15918
15920
15912
15913
15915
15916
15166
15164
15165
16143
15972
16252
16016
16062
15964
15477
15476
15478
15458
15125
15145
15143
15953
15469
15225
15615
15429
16142
16270
15320
15098
15932
16111
16176
16050
15201
15840
15472
15825
16042
15147
15695
15696
15998
16098
16084
15409
15408
15407
15406
15412
15449
15654
15533
15174
15950
15949
15211
15346
15535
15878
15466
15468
15465
15467
15100
15570
15810
15887
15836
15361
15194
16178
15091
15471
16034
13694
13696
13695
13743
13841
13879
13835
13834
13871
13824
13837
13742
13830
13690
13689
13746
13869
13680
13783
13698
13889
13888
13688
13808
13728
13795
13726
13855
13854
13699
13802
13772
13710
13677
13882
13862
13861
13717
13701
13723
13846
13847
13705
13865
13724
13725
13809
13803
13731
13737
13810
13678
13822
13747
13757
13748
13692
13756
13754
13856
13873
13703
13887
13813
13884
13685
13876
13870
13842
13709
13845
13833
13885
13874
13838
13753
13752
13750
13751
13749
13707
13867
13866
13812
13811
13697
13875
13735
13702
13706
13853
13786
13827
13831
13860
13762
13763
13792
13839
13686
13732
13793
13858
13863
13675
13679
13816
13773
13776
13771
13767
13729
13765
13881
13764
13759
13880
13794
13727
13791
13886
13785
13815
13872
13736
13734
13740
13814
13864
13823
13821
13708
13779
13877
13868
13828
13840
13801
13683
13684
13878
13693
13844
13807
13857
13819
13691
13769
13770
13836
13818
13733
13676
13806
13741
13755
13739
13817
13782
13774
13805
13682
13681
13777
13775
13798
13799
13796
13797
13720
13721
13738
13715
13714
13713
13787
13788
13804
13711
13718
13849
13850
13700
13761
13768
13790
13781
13780
13892
13789
13832
13758
13716
13848
13851
13820
13766
13826
13778
13744
13843
13859
13891
13712
13883
13745
13852
13825
13890
13800
13730
13704
13829
13719
13722
13687
13760
13784
14183
14651
14950
14876
14952
14800
14797
14840
14879
14931
14927
14793
14962
14951
14794
14796
14913
14917
14916
13897
15055
14963
14965
14791
14938
14935
14918
14806
14535
14939
14880
14679
14955
14871
14870
14856
14853
14854
14528
14921
14937
13924
14620
14019
14515
14292
13948
14288
15047
14339
14287
14372
14350
14341
14290
14283
14299
14303
14297
14337
14298
14304
14284
14373
14286
14353
14342
14293
14278
14291
14410
14409
14302
14300
14338
14941
14407
14376
13899
14414
14296
14305
14354
14802
14343
14351
14357
14358
14344
14336
14377
14010
14678
14352
14371
14406
14413
14370
14374
14294
14280
14356
14348
14349
14355
14279
14346
14411
14375
14864
14985
14345
14347
14408
14295
14282
14380
14379
14378
14990
14903
14883
14884
14700
13921
13919
14405
14069
13910
13908
13905
13903
13902
13901
14026
14049
14040
13930
13932
14041
13934
14042
13936
14043
14051
14047
14052
14033
14039
13944
14037
14034
13943
14031
13941
14044
13937
14038
13933
13935
14035
14050
13931
14036
14032
13939
13940
14029
14028
14027
14025
14024
14023
14022
14072
13900
13904
13909
14058
14071
14063
13913
13906
13907
14073
14056
14065
14064
13918
13917
13925
14067
13922
14062
14066
13914
13916
13929
13928
13911
14074
14075
14061
14068
13927
13923
13915
13912
14060
13926
14059
14053
14055
13920
14057
14021
15035
15027
14681
14968
14539
14107
14526
14902
14933
14947
15046
14846
14847
15045
14523
14976
15048
13898
14860
14396
14398
14399
14400
14402
14403
14404
14381
14385
14383
14392
14393
14394
14387
14382
14309
14318
14263
14268
14316
14401
14317
14391
14390
14267
14310
14388
14265
14264
14314
14313
14312
14315
14395
14311
14266
14984
14493
14611
14617
14610
14631
14814
14835
14787
14496
15033
14920
14497
15034
14632
14665
14666
14517
15041
14612
14691
14813
14502
14081
14080
14077
14123
14100
14845
14842
14851
14662
14664
14648
14518
14519
13980
13981
13982
13983
13984
13985
13986
13987
13988
13972
13973
13974
13975
13976
13977
13978
13979
13963
13964
13965
13966
13967
13968
13969
13970
13971
13955
13956
13957
13958
13959
13960
13961
13962
14121
14389
15024
15022
15039
14321
14257
14308
14368
14332
14333
14322
14329
14323
14360
14366
14324
14364
14326
14334
14328
14327
14262
14330
14369
14367
14362
14361
14274
14271
14270
14269
14365
14363
14277
14275
14616
15012
14684
14820
15021
14527
14070
15051
13946
14018
14020
14161
14078
14177
14127
14101
14090
15057
14017
15032
15023
15019
15017
15038
15014
15016
15004
14899
14901
14926
14953
14998
14810
14888
14629
14659
14595
14494
14492
14495
14501
14516
14505
14512
14521
14532
14537
13949
13950
13951
13952
13953
13954
13945
13947
13990
14008
14011
14012
14013
14014
14015
13938
14736
14738
14740
14743
14745
14748
14750
14756
14755
14757
14758
14759
14760
14761
14762
14763
14703
14704
14705
14706
14707
14708
14711
14712
14713
14715
14716
14717
14718
14767
14768
14770
14771
14772
14773
14775
14776
14777
14778
14779
14720
14721
14722
14723
14724
14729
14730
14733
14752
14754
14910
14734
14769
14113
14087
14086
14680
14509
14645
15052
14977
14530
14158
14157
14155
14126
14084
14982
14533
14531
14160
14097
14340
15037
14320
14319
14386
14949
14886
14156
14115
14541
14554
14803
14092
14540
14108
14233
14232
14231
14230
14229
14228
14227
14226
14225
14224
14223
14222
14221
14220
14219
14218
14217
14216
14215
14214
14213
14212
14211
14210
14209
14198
14197
14195
13989
13991
13992
13993
13994
13995
13996
13998
13999
14000
14001
14002
14003
14004
14005
14006
14007
14194
14193
14192
14191
14241
14190
14240
14189
14239
14188
14187
14237
14186
14236
14185
14208
14184
14207
14206
14205
14204
14203
14430
14202
14431
14434
14201
14435
14200
14436
14199
14437
14440
14441
14196
14422
14442
14423
14443
14424
14444
14425
14445
14426
14446
14448
14427
14447
14428
14415
14429
14416
14417
14418
14419
14420
14421
14690
14689
14243
14242
14235
14234
14255
14254
14252
14251
14250
14248
14247
14246
14245
14244
15006
14782
15042
14781
14683
14731
14307
14306
14180
14179
14178
14166
14165
14162
14869
15026
14634
15028
14615
14728
14725
14536
14514
14511
14508
14503
14504
14603
14601
14273
14009
14741
14714
14384
14490
14491
14747
15043
14922
14925
14082
14079
14621
14633
14774
14737
14359
14808
14857
14438
14735
14739
14742
14016
15005
14709
14744
14861
14862
14863
14732
14325
15020
14844
15049
14485
14480
14450
14614
14646
14647
14622
14626
14594
14500
14510
14525
14538
14181
14122
14120
14114
14153
14141
14135
15029
14944
14969
14972
14997
15000
14798
14889
14873
14829
14596
14335
14780
15050
14688
14719
14966
14967
15053
14999
14331
14765
14289
14272
14766
14948
14826
14827
14489
14957
14488
14487
14486
15040
14581
14484
14546
14483
14459
14458
14482
14457
14456
14481
14454
14453
14452
14451
14449
14479
14433
14478
14432
14477
14089
14088
14091
14099
14098
14096
14476
14095
14475
14094
14474
14093
14473
14164
14472
14163
14471
14468
14467
14466
14463
14461
14460
14465
14568
14569
14570
14571
14572
14573
14574
14575
14562
14563
14564
14565
14175
14174
14173
14172
14171
14170
14169
14168
14167
14106
14105
14104
14103
14102
14154
14152
14149
14148
14147
14146
14145
14144
14143
14142
14140
14139
14138
14137
14136
14133
14132
14131
14129
14975
14643
14151
14150
14566
14567
14561
14560
14559
14558
14557
14556
14555
14576
14577
14578
14579
14580
14582
14583
14584
14134
14128
14125
14124
14547
14549
14550
14551
14552
14553
14785
15066
14727
14498
14470
14285
14469
14464
14462
14455
14176
14548
14618
14619
14749
15036
14054
14639
15031
14281
14671
14672
14673
14674
14675
14676
14677
14663
14641
14642
14644
14661
14649
14650
14653
14654
14590
14656
14623
14996
15011
15008
15007
14971
14974
14973
14667
14668
14669
14670
14635
14636
14637
14628
14630
14638
14640
14605
14606
14607
14608
14609
14602
14613
14685
14686
14687
14692
14693
14658
14694
14695
14625
14657
14585
14586
14587
14588
14589
14591
14592
14593
14597
14598
14599
14600
14993
14992
14991
14995
14994
14045
14046
14841
15065
14764
14159
15015
14792
14821
14822
14823
14825
14824
14828
14830
14831
14834
14837
14838
14839
15018
15054
14897
14848
14934
14936
14891
14893
14894
14905
14906
14914
14915
14919
14928
14929
14930
14887
14882
14881
14858
14859
14865
14866
14867
14852
14849
14850
14699
14877
14868
14872
15009
14900
15044
14874
14875
14898
14924
14682
14923
14942
14946
14945
14970
14964
14783
14816
14817
14819
14912
14956
14958
14959
14960
14961
14978
14980
14817
14819
14912
14956
14958
14959
14960
14961
14978
14980
14981
15001
15002
15003
14983
14987
14988
14804
14807
14790
14843
14506
14507
14529
14238
14083
14696
14697
14130
14698
14833
14726
14301
14907
14249
13894
15013
13896
14855
13895
14524
14439
14751
14258
14256
14260
14261
14259
14276
14253
14412
15030
14746
14710
14397
15010
15025
14542
14543
14545
14652
14943
14986
14795
13997
14702
14604
14753
13942
14836
14030
13893
14701
14885
14832
14544
14048
14112
14111
14109
14085
14655
15061
15062
15063
15064
15058
15059
15060
14890
14892
14895
14896
14904
14908
14909
14878
14788
14784
14812
14809
14811
14979
14815
14818
14624
14660
15056
14989
14786
14110
14911
14182
14119
14117
14118
14116
14522
14513
14499
14520
14076
14534
14932
14789
14954
14805
14627
14940
14801
14799
16325
16323
16324
16326
16327
16328
16329
16330
16331
16332
16333
16334
16335
16336
16337
16338
16339
16340
16345
16341
16344
16346
16347
16343
16342
16353
16348
16355
16354
16352
16349
16350
16351
16356
16357
16358
16359
16360
16361
16362
16363
16364
16365
16366
16367
16368
16369
16370
16371
16372
16373
16374
16375
16381
16378
16380
16376
16379
16377
16382
16383
16384
16385
16386
16387
16389
16388
16403
16395
16407
16409
16412
16413
16394
16406
16397
16399
16400
16411
16408
16396
16398
16390
16405
16414
16393
16391
16392
16410
16402
16404
16401
1
5
6
3
2
4
8
7
9
11
12
14
13
10
67
69
70
71
66
68
15
23
25
17
21
22
26
29
19
28
16
18
20
27
24
47
62
63
58
45
57
65
61
60
59
49
46
33
52
50
51
41
56
30
32
31
34
38
39
37
48
36
40
44
53
64
54
35
55
42
43
72
73
74
75
76
77
78
79
80
81
84
85
89
91
88
93
86
82
90
92
83
87
84
85
89
91
88
93
86
82
90
92
94
95
112
100
104
106
99
96
101
117
111
110
97
114
116
108
113
115
109
98
107
102
103
105
127
126
130
123
124
125
133
128
129
132
131
119
118
120
122
134
135
159
160
162
161
147
151
149
150
158
166
144
142
140
138
136
137
145
163
143
146
148
164
165
154
153
152
155
141
157
156
139
168
169
167
173
172
170
175
174
171
177
178
182
181
180
176
179
185
187
188
189
197
183
184
194
193
192
196
195
191
190
186
199
201
200
203
198
204
202
206
205
207
208
223
226
213
215
221
219
209
210
211
218
214
212
224
217
225
216
220
222
232
230
231
240
238
227
228
233
229
237
236
239
234
235
246
241
248
242
243
250
245
244
247
249
251
252
253
254
255
256
257
258
259
260
261
262
263
264
265
266
267
268
269
270
271
272
273
274
275
276
277
278
279
280
281
282
283
284
285
286
287
288
289
290
291
292
293
294
295
296
297
298
300
301
302
303
304
305
306
307
308
309
310
311
312
313
314
315
316
317
318
319
320
321
322
323
324
325
326
327
328
329
330
331
332
333
334
335
336
337
338
339
340
341
342
343
350
345
356
344
355
347
351
357
346
348
354
349
353
352
358
359
360
361
362
363
364
365
366
367
368
369
370
371
372
373
374
375
376
377
378
379
380
381
382
383
384
385
386
387
388
389
391
390
392
393
394
395
396
397
398
399
400
401
402
403
404
416
412
411
413
407
409
415
406
405
421
422
408
423
414
417
418
419
420
410
424
425
426
427
428
429
430
431
432
433
434
435
444
442
443
438
441
440
439
437
436
447
445
446
454
456
450
449
458
459
448
451
452
457
454
456
450
449
458
459
448
451
452
457
453
455
462
462
462
462
462
462
462
462
462
461
461
460
461
460
481
461
460
464
462
481
461
460
474
464
481
460
485
474
464
481
471
485
462
462
474
464
481
462
462
462
461
460
481
464
474
485
471
479
472
462
461
460
481
464
474
485
471
479
472
480
487
491
467
476
484
468
494
465
497
504
492
488
473
506
490
495
466
469
508
498
482
486
503
478
493
475
499
500
501
507
489
502
470
505
477
463
496
483
543
539
547
523
510
525
517
536
546
530
520
521
545
511
532
522
538
513
518
533
514
516
542
531
512
524
534
527
519
535
529
548
544
528
541
526
515
509
540
537
570
555
561
568
564
583
550
567
557
582
578
579
574
569
585
581
576
572
563
558
552
549
589
577
571
586
580
565
560
551
562
554
588
559
553
591
566
587
556
590
575
573
584
606
602
598
595
593
597
596
600
599
604
601
607
603
592
605
594
613
615
616
610
609
612
611
617
608
614
618
622
619
620
621
623
624
625
626
630
629
628
632
636
633
634
627
637
638
631
635
639
640
641
642
643
644
645
646
647
649
654
656
655
653
650
648
652
657
658
651
660
664
663
659
665
662
661
668
667
666
669
670
671
672
673
674
675
676
677
678
679
680
681
682
683
684
685
686
687
688
689
690
691
692
693
694
695
696
697
698
699
700
701
702
703
704
705
706
712
707
709
710
711
708
713
714
726
724
730
731
727
717
733
716
715
719
720
732
725
723
728
729
718
736
734
721
722
735
737
738
739
740
741
742
743
744
745
746
747
748
749
750
751
752
753
754
755
756
757
758
759
760
761
762
763
764
765
766
767
768
769
770
771
772
773
774
