115
116
117
118
119
120
121
122
123
124
125
126
127
128
129
130
131
132
133
134
135
136
137
138
139
140
524
518
253
385
446
447
332
425
376
375
374
431
149
515
514
261
293
373
160
329
583
196
471
366
324
391
191
394
315
460
284
357
323
143
300
535
541
236
232
235
233
538
326
153
146
167
356
278
280
309
388
310
301
487
488
474
221
339
321
338
530
580
604
529
543
424
458
230
501
548
556
305
398
242
209
489
145
465
281
454
401
559
199
433
490
483
277
304
453
494
344
546
214
457
330
320
396
377
528
423
355
361
360
289
415
290
593
204
393
478
444
568
492
222
340
540
590
525
333
164
211
227
499
484
598
358
203
403
409
503
602
346
345
592
585
600
545
567
210
436
325
163
495
384
544
390
449
220
448
551
181
353
246
371
485
387
516
195
584
452
430
215
154
168
249
225
532
144
573
343
239
413
286
156
536
218
240
336
288
226
194
508
486
437
165
534
219
406
267
506
186
473
599
404
575
434
574
234
466
251
615
200
351
152
155
141
362
363
429
439
402
208
476
477
445
451
213
522
498
504
555
561
586
569
572
582
237
383
386
202
399
562
542
502
397
316
313
306
172
337
426
302
238
314
565
513
549
248
244
312
279
308
405
206
223
370
479
597
531
432
342
335
283
427
184
589
341
557
328
450
578
287
443
527
317
189
229
169
563
254
327
609
258
270
285
276
183
419
392
303
491
349
603
224
523
188
576
294
579
245
417
378
190
241
205
564
307
182
547
291
421
319
461
282
347
228
507
539
147
318
521
334
467
150
519
581
558
151
350
148
368
509
269
571
271
255
259
526
511
470
297
372
161
262
263
185
379
256
614
416
380
612
464
605
606
408
610
365
298
517
382
352
435
472
420
354
459
257
601
554
611
395
594
587
588
331
608
292
266
369
560
455
250
178
296
243
175
176
177
299
364
193
613
570
264
180
179
552
422
475
158
197
537
591
456
411
412
442
441
440
198
142
265
505
212
596
311
407
389
500
428
595
216
273
170
171
252
201
512
480
268
520
553
533
482
481
260
367
550
410
162
157
159
607
497
496
231
414
207
438
272
192
381
247
274
275
400
577
566
462
463
469
468
493
166
217
173
174
359
418
510
322
295
187
348
617
616
618
619
620
621
622
623
624
625
630
628
627
626
631
629
632
633
634
635
636
637
638
639
640
641
642
643
644
645
646
647
648
649
650
651
652
653
654
655
656
657
658
659
660
661
662
663
664
665
666
667
668
669
670
671
672
673
674
675
676
677
678
679
680
681
682
683
684
686
687
688
689
690
691
692
693
694
695
696
697
698
699
700
701
702
703
704
705
706
707
708
709
710
711
712
713
714
715
716
717
718
719
720
721
722
723
724
725
726
285
287
292
297
298
304
305
261
262
263
879
880
960
354
308
310
311
313
314
318
322
324
327
352
350
264
265
266
267
268
269
270
271
272
273
274
275
276
277
279
280
281
283
284
286
288
291
299
300
302
315
320
332
334
335
343
351
30
282
289
290
293
296
303
306
307
323
341
603
319
321
326
328
329
330
331
333
336
337
339
340
342
346
347
348
349
344
345
691
57
940
294
301
309
312
316
325
355
295
338
660
664
278
317
353
34
1010
595
677
678
660
664
278
317
353
34
1010
595
677
678
679
680
681
1036
41
710
476
477
842
843
846
847
848
634
635
1048
588
589
565
566
734
614
615
857
602
121
591
586
592
979
868
654
817
137
99
716
891
938
935
1019
1060
980
982
993
968
989
934
988
963
928
985
941
978
944
921
920
922
924
925
939
991
892
1072
895
945
898
900
638
897
923
674
949
984
825
931
778
967
972
1084
1085
1009
948
1090
955
997
956
1093
959
958
1022
1058
943
1086
1075
1092
1076
1094
909
882
910
1058
943
1086
1075
1092
1076
1094
909
882
910
937
650
520
637
874
875
803
905
818
865
821
659
535
583
155
683
576
661
611
383
560
724
541
830
356
359
516
361
378
363
364
365
372
172
488
489
493
494
495
496
499
474
480
481
483
485
486
518
519
522
500
502
503
505
506
507
584
593
533
538
556
655
600
601
606
607
612
639
643
645
646
648
651
653
619
620
621
622
623
627
628
629
631
740
744
685
689
721
722
725
628
629
631
740
744
685
689
721
722
725
728
692
694
699
700
703
712
791
792
794
797
786
763
771
772
577
737
473
531
159
392
391
369
641
746
741
491
368
162
762
726
164
904
861
866
864
872
871
862
833
841
849
851
855
860
804
805
806
807
808
819
822
826
901
1021
1023
1025
1026
1027
1030
1032
1033
1038
1039
911
913
877
883
887
1079
1081
1065
1067
929
916
918
919
999
1004
1005
1008
1011
1013
1014
1015
1016
1017
975
983
992
1095
557
558
994
873
390
1006
508
532
859
536
537
492
796
1042
673
376
777
140
675
1050
640
1083
564
816
720
1071
773
1073
858
1056
878
770
381
885
1074
672
779
625
867
1031
393
28
801
845
114
658
657
853
122
111
139
379
572
487
543
608
632
729
1089
3048
3049
3050
3051
3052
3053
3054
3055
3056
3057
3058
3059
3060
3061
3062
3063
3065
3066
3067
3068
3069
3070
3071
3072
3073
3074
3076
3077
3078
3079
3080
3081
3082
3084
3085
3086
3087
3088
3089
3090
3091
3092
3093
3094
3095
3096
3097
3100
3099
3098
3101
3102
3103
3104
3105
3106
3107
3108
3109
3109
3110
3111
3112
3113
3114
3115
3116
3117
3118
3119
3120
3121
3122
3123
3124
3125
3126
3127
3128
3129
3130
3131
3132
3133
3134
3135
3136
3137
3138
3139
3140
3141
3142
3143
3144
3145
3146
3149
3150
3151
3153
3154
3155
3156
3584
3675
3856
3857
3859
3375
4193
3376
3640
4283
3339
3346
3712
3212
4354
3363
3364
3723
3724
3725
3342
3344
3502
3413
3416
3660
3658
3839
3840
4150
3414
3415
3423
3421
3964
3852
3292
4441
4296
4232
3770
3371
3850
3886
4404
4179
4178
4176
3272
3849
3378
4060
4383
4381
3873
3808
3807
3843
3844
3827
3881
3361
3816
3659
3651
3654
3511
3513
4119
4104
3204
3206
4305
4460
4461
4457
4213
4278
3759
4423
4338
4339
3208
3209
3851
3383
4157
3411
3846
3874
3300
3815
3377
4341
3625
3848
3661
4453
4315
3370
4400
3605
3341
3935
3933
3546
3912
3965
3457
3379
3835
3612
4464
3412
3589
4005
3440
3441
4443
3269
4013
4454
4455
3823
3818
3817
3537
3189
3190
3277
4170
3777
3484
3318
3628
3365
3630
3242
3649
3750
3648
3904
4091
3163
4151
4011
3986
3934
3819
3358
3626
3624
3506
4276
3353
3367
3774
4000
3990
3291
4102
3360
4374
4265
3951
4274
4214
3916
3722
4229
3970
3968
3969
3981
3997
4376
4076
3998
3980
3982
3682
4165
3689
3690
3436
3227
3762
4056
4386
4197
4302
4260
3573
3186
4093
3822
3192
3534
3439
4061
4377
4050
4212
4334
4387
4210
4202
3971
3910
4294
3530
4350
3756
3538
3166
3162
4262
4432
4256
4012
4258
3601
3577
4086
4390
4075
3789
4094
4286
3956
3307
4444
4449
4448
3161
3761
3540
3891
3781
4288
4080
3514
4044
3634
3974
3432
3867
3600
3727
3461
3191
4039
4109
4298
3947
3614
3800
4003
4079
3782
3923
4301
4384
3908
3717
3199
3197
4017
3580
3812
3312
3302
3294
4200
3430
3359
3437
3438
3352
4146
3686
3871
3211
3223
3547
4326
3198
4234
3633
3629
3548
3627
4263
3776
4145
4303
3544
4333
3587
3603
3562
4175
4028
3215
3914
4149
3896
4285
4037
4131
4222
3576
4389
4451
3809
3906
3701
4291
3188
3647
3228
3636
4029
4208
3946
4196
4030
3692
4054
3571
3799
4139
3918
3536
4062
3433
4233
3527
3200
3532
3803
3804
4160
3728
3431
4198
3887
3703
4168
4189
4167
4132
4433
3989
3766
3741
4103
4242
4223
4261
4171
3755
3737
3984
4136
4204
4186
4135
4164
3879
4057
4144
4065
4049
3903
3902
3955
4014
4322
4330
3826
4090
3925
4277
3905
4335
4174
4332
4220
4312
4092
3783
4133
4311
4169
4316
3813
4124
3917
3920
4224
4055
4001
4004
3937
3932
3893
3900
4188
3999
3572
4158
3224
3642
3644
3643
3672
3738
4365
3586
3177
3178
3168
3681
4411
3794
4247
3179
4430
4397
4398
4410
4121
4290
4185
3503
3599
3543
3550
3567
4045
3666
3673
3983
4059
3160
3890
4155
3638
3588
3593
3519
3369
4081
4141
3397
3623
3863
3578
3676
4243
3861
3705
3707
3864
3708
3704
3592
3616
3595
3598
4323
3929
4007
3368
3821
3195
3637
3615
4072
4070
3709
4071
3668
4328
4257
3566
4268
3870
3657
3517
4254
4324
4320
3960
4156
3585
4040
3667
3977
3976
3978
3337
4101
4099
4100
4166
4046
3535
3526
3875
4388
3554
3555
4264
3991
4128
3529
4181
4085
4105
4183
3444
3959
3889
3732
3270
3428
3718
3429
3518
4219
3275
3187
3583
3565
3505
4235
3988
3828
3973
3597
4409
3456
3448
3894
3669
3674
3793
3922
4195
4122
3561
3280
3892
4051
3203
3702
4143
3596
4422
3425
3811
3602
4218
4215
4052
3979
4380
4137
3621
4015
4016
3582
4300
3862
3289
4096
4098
4097
3579
4187
3791
4209
3987
4429
3465
3618
3619
3620
4445
3632
3278
3685
3174
3172
3176
3175
4126
3539
4275
4129
4031
4069
3185
3591
4084
4083
3274
3288
3617
4192
4194
3810
3957
3450
4191
4190
3455
3336
4227
3305
3462
3729
4199
3435
4355
3348
4358
4353
4182
3303
3382
4412
3182
4163
3297
3222
3256
3257
3491
4180
4426
3468
3899
3340
3507
4089
3164
3229
4095
3771
3688
3551
4087
4088
4414
4010
3515
3796
3541
3452
3349
3693
3824
4462
4106
3883
4066
4249
4248
4244
3487
3477
3488
3391
3504
3385
3469
4372
4043
3201
3254
3389
3680
4327
4369
3266
3260
3837
3954
4042
4041
3159
3489
3985
3993
3992
4108
4107
3560
3814
4127
4373
4329
4140
4405
3293
3167
3678
3347
3283
4418
3938
3613
3684
3557
4299
3876
3877
4225
4378
4211
4255
3639
3967
4385
4415
4344
3801
3171
3907
4022
4021
4020
4023
4024
4026
4027
4019
3785
3556
3396
3872
4025
3757
3401
3402
3528
3479
4437
3320
3326
3744
3323
3321
3264
3268
3219
4308
3721
3715
3711
3797
3635
4177
3327
3936
3939
3942
3523
3713
3714
3594
4295
4273
3422
4446
3466
3453
3454
3173
3427
3853
3426
3622
3699
3445
3825
4077
4078
4401
4402
3845
3949
3948
3950
3710
4064
4154
4033
4032
4034
3225
4292
3944
3945
3608
3524
3501
4424
4340
4221
3665
4317
3216
3214
3218
3259
3262
3962
3716
3928
3232
3230
3338
3860
3743
3742
3470
3472
3474
3443
3442
3290
3473
4399
4038
3217
3882
4394
3458
3930
3798
4347
3975
3754
3895
3500
3499
3424
3356
3308
3309
3940
3941
3746
3520
3730
3830
4280
4063
3366
4289
4287
4073
4074
3568
3569
3570
4307
3350
3351
3196
4184
3508
3509
3677
4130
3836
3235
3273
3390
4082
4408
4068
3239
3820
3888
3645
3646
4123
4304
4293
4368
3322
3234
3490
3494
3241
3972
3706
3558
3604
3670
3387
3740
3767
3662
3386
3498
3564
3497
3388
3202
3664
3521
3314
3236
3355
3319
3380
3838
3394
3475
3476
3233
3255
3354
3220
3237
3261
3221
3525
3244
3263
3510
3512
3522
4438
4436
3574
3719
3760
3739
3641
4236
3207
4382
4420
4403
4379
3542
3919
3170
4458
3486
3485
3480
3563
3545
3493
3492
3332
3231
3331
3885
3243
3775
3745
3282
3381
3931
3884
3731
3246
3306
3451
4306
4148
3552
3210
3878
3805
4058
3295
4203
4118
4253
4342
4343
3966
3575
3553
3784
4465
4352
4351
4452
3880
4331
3418
3313
3324
3325
3315
3328
3329
3317
3330
3842
3841
3847
4162
4349
3483
3205
3467
4006
4008
3865
3271
3180
3181
3286
3247
3921
3581
3464
3463
3298
3248
3249
3250
3251
4142
3606
3609
3610
3299
4226
3995
3994
3183
3184
3915
3897
3911
3495
3496
4431
4366
4252
3316
3833
3834
3158
4459
3747
3748
3749
3265
4113
4112
3310
4439
3590
3963
3279
4159
3285
3287
3656
3795
4267
4217
4053
4237
3829
4371
4370
3471
3720
4450
3559
3395
4393
4391
4392
3726
3768
3193
3311
4440
3650
3258
4281
4282
4279
4357
3961
4297
4321
3696
3698
3694
3695
3697
3700
4442
4425
3481
3482
4318
4319
4047
4048
3786
4284
3240
4114
4115
3926
3927
3924
3868
3679
3169
4138
4205
3362
4345
4346
3631
3357
4035
4036
3779
4152
4067
4246
4245
4172
4173
4206
4116
4117
4147
3460
3284
4269
4271
4270
4272
3252
3459
3758
3858
3806
4337
4336
3304
4002
4228
3671
4463
4161
4250
4251
4356
4110
4325
4375
3787
3898
3533
4216
3869
4396
3802
3831
3301
4120
3398
4240
4434
4201
3434
3408
3407
4395
4153
3909
3996
3226
3446
3447
4111
3403
3404
3405
3392
3393
4406
3410
3373
4417
3778
4362
4361
4363
4364
4359
4360
3607
3611
3792
3790
3788
3958
3213
4419
4134
3238
4018
3406
4407
3952
3953
3733
3734
3735
4456
4348
4125
4310
4413
3765
3764
3763
4313
4314
3901
3752
3194
3516
3245
3276
3531
3409
4207
4309
4009
3478
3345
3343
3780
3296
3913
3267
3399
3400
3372
3769
3832
3772
3773
4238
4241
4239
3281
3663
3417
3419
3420
3374
4416
4231
4230
3253
3687
3333
3335
3334
4367
3866
4421
4466
4266
3384
3549
3683
4428
4427
4259
4435
3653
3652
3655
3736
3449
3691
3753
4447
3751
3943
3855
3854
3165
4467
4468
4469
4470
4471
4472
4473
4474
4475
4476
4478
4479
4481
4482
4483
4484
4485
4486
4487
4490
4488
4489
1
2
3
4
5
6
7
8
9
10
13
12
11
14
15
16
17
18
19
20
21
22
23
24
25
26
27
28
29
30
31
32
33
34
35
36
37
38
39
40
41
42
43
44
45
46
47
48
49
50
51
52
53
54
55
56
57
58
59
60
61
62
63
64
65
66
67
68
69
70
71
72
73
74
75
76
77
78
79
80
81
83
82
84
85
86
87
88
89
90
91
92
93
94
95
96
97
98
99
100
101
102
103
104
105
106
107
108
109
110
111
112
114
113
115
126
118
119
117
116
125
120
122
123
133
129
132
127
128
131
130
134
135
136
137
138
140
139
141
148
142
146
143
147
144
145
149
155
151
154
152
153
156
157
158
159
160
161
169
168
166
163
165
167
162
164
170
171
172
173
174
175
176
177
178
179
180
185
182
183
187
188
190
186
181
184
189
191
192
194
197
196
193
195
199
198
200
202
201
1
2
3
4
5
6
7
8
9
10
11
12
13
14
15
16
17
18
19
20
21
22
23
24
25
26
27
28
29
30
31
32
33
34
35
36
37
38
39
40
42
41
44
45
46
47
48
49
50
51
52
53
54
55
56
57
58
59
60
61
62
63
64
65
66
67
68
69
70
71
72
73
80
79
76
75
74
77
78
82
83
84
85
86
88
87
81
90
89
92
94
91
93
95
96
97
98
99
100
101
102
103
104
105
106
107
108
109
110
111
112
113
114
115
116
117
118
120
121
122
123
124
125
126
127
128
129
130
131
132
134
133
135
136
138
139
140
142
141
143
144
145
147
146
148
149
150
152
151
153
158
159
157
160
155
156
154
161
165
168
166
167
164
162
169
163
170
165
181
188
178
168
166
173
167
164
177
175
172
182
162
185
169
180
190
171
191
179
186
184
183
187
193
192
189
163
176
174
194
203
201
202
197
200
195
196
199
204
198
205
208
206
207
209
210
211
212
213
215
216
217
218
219
220
221
223
222
224
225
224
242
241
243
225
239
236
224
233
232
229
227
238
240
228
235
244
226
230
231
237
234
245
247
246
258
249
250
257
259
261
248
263
255
256
254
251
253
252
262
260
268
276
278
267
270
269
264
274
275
277
273
266
265
281
280
283
284
282
279
285
286
289
288
290
287
291
292
293
295
297
294
296
298
301
300
299
305
307
309
304
310
308
306
313
314
302
311
312
303
322
316
315
321
318
317
319
320
323
324
325
326
327
328
329
331
330
332
333
342
334
340
337
344
335
339
343
341
345
346
347
348
349
350
351
352
353
354
355
356
357
358
359
360
361
362
363
364
365
366
367
368
369
370
371
372
373
374
375
376
377
381
382
385
384
386
383
379
378
380
388
389
387
390
391
392
393
394
395
396
397
398
399
400
401
402
407
403
404
405
406
412
413
411
408
409
410
414
415
416
417
418
419
420
421
422
423
426
427
428
424
425
429
430
431
432
433
434
435
436
437
438
439
440
441
442
443
444
445
451
448
450
449
447
446
453
452
454
455
457
456
458
460
461
459
463
464
462
