250
442
388
352
106
443
28
266
97
80
165
251
482
333
408
409
339
141
348
349
337
403
398
366
81
127
240
310
48
211
50
411
56
384
447
44
426
359
425
417
144
152
7
334
434
421
413
438
362
391
414
105
419
318
237
94
283
161
275
209
466
247
284
274
181
196
354
317
277
262
180
280
159
160
154
295
294
186
212
223
341
66
393
235
276
472
132
364
85
261
330
52
13
16
17
418
231
224
242
198
272
226
210
103
469
344
385
379
429
220
213
232
193
205
278
238
331
197
309
270
298
37
410
367
31
386
34
15
416
314
371
301
319
145
463
430
93
304
173
453
117
271
18
218
86
363
39
26
302
168
157
129
343
400
236
167
264
227
119
194
200
431
376
195
335
149
35
58
402
459
311
291
234
407
448
436
377
380
316
490
243
113
252
38
188
178
332
454
107
131
63
40
102
128
369
124
73
54
47
372
432
474
201
470
456
269
185
164
370
30
76
202
89
433
282
460
273
455
130
395
475
361
148
488
307
83
253
342
268
289
288
312
169
203
187
214
206
207
462
464
222
313
305
473
256
116
134
446
249
422
246
219
82
177
230
405
340
322
100
423
1
347
122
191
64
51
336
321
450
449
326
327
72
19
24
241
368
23
42
263
325
308
324
451
481
461
465
387
306
399
248
170
142
146
476
120
190
329
174
8
69
70
96
353
228
91
163
101
25
61
204
225
285
245
199
68
87
350
296
351
293
338
90
20
155
303
216
415
375
435
292
21
114
221
88
437
75
60
153
150
133
217
396
233
182
356
27
441
457
267
255
382
360
323
123
420
315
440
428
279
162
208
126
108
479
135
489
71
151
485
355
345
452
424
59
357
478
43
147
378
355
345
452
424
59
357
478
43
147
378
57
467
171
12
22
471
111
468
98
259
458
346
5
260
299
3
215
257
189
254
121
394
65
290
483
29
258
137
383
491
358
166
412
156
183
140
176
139
41
9
10
486
95
49
477
158
286
287
78
381
110
192
427
53
397
401
55
184
62
365
374
115
92
104
77
67
74
118
138
36
84
239
136
265
33
281
392
300
32
487
320
244
480
79
109
14
6
45
46
2
444
229
439
389
484
404
406
179
172
297
99
373
390
328
175
125
445
112
11
143
834
708
1123
722
768
520
1021
769
1060
1061
1062
1050
1051
1086
1024
1090
1091
754
983
863
1150
650
649
829
648
1063
645
673
668
642
730
661
736
682
871
970
923
1022
935
910
967
704
717
1145
513
511
928
510
978
1099
953
926
503
918
997
689
505
936
934
731
984
985
870
711
1014
925
1030
994
1041
885
1056
968
939
1054
1105
1008
1020
1012
1009
1104
979
959
1018
666
966
1037
695
1129
751
912
986
987
691
713
509
980
990
1065
1066
1064
896
644
973
963
1144
1070
1119
938
515
660
1058
727
734
658
686
733
698
693
716
659
1023
640
1034
679
1032
988
712
655
1031
662
665
654
633
715
989
696
637
891
572
567
1049
537
1028
701
690
688
1033
504
1004
877
1102
975
1101
976
905
907
1148
884
965
700
1038
974
1019
883
840
1118
917
977
956
948
947
955
946
995
1143
919
920
845
741
646
982
636
992
972
889
1059
723
969
1010
961
893
699
887
941
874
981
674
868
512
890
899
931
908
913
951
1000
996
1029
1036
878
964
962
639
692
1026
684
714
677
638
651
726
1039
676
703
694
685
632
678
1027
1100
1011
1005
903
724
1079
960
873
1057
600
601
603
604
605
606
607
608
609
610
611
612
613
614
616
617
619
620
621
622
623
624
625
626
627
629
631
580
581
582
583
500
585
586
587
588
589
590
591
592
593
594
595
596
597
598
599
498
569
570
571
573
574
575
576
577
579
518
493
522
525
524
527
526
528
531
530
533
532
535
534
536
539
538
541
543
542
545
544
548
551
550
553
552
555
554
556
559
558
561
560
563
565
564
566
568
497
1149
1165
1164
1163
494
1162
1161
1159
1158
1157
1156
1155
1154
1152
1151
805
777
812
826
618
828
824
1131
1139
971
991
630
774
788
875
602
709
772
747
748
502
516
999
930
1130
1082
762
814
841
744
745
798
732
1121
1133
1134
1080
1069
1085
1078
832
810
1146
827
667
1055
771
765
796
1125
1002
924
949
940
823
820
1089
725
909
950
898
1128
1081
780
1136
1127
517
758
760
742
902
750
697
900
835
795
1135
945
671
752
1094
634
894
657
728
675
954
761
635
943
656
641
647
911
1040
735
687
707
1035
653
944
897
895
681
1174
927
1053
886
1137
1126
1115
872
1001
1003
1046
1116
643
1025
1084
892
914
915
507
993
880
718
901
663
680
921
869
652
702
1013
937
562
929
710
998
1166
1169
1167
1168
549
1097
1098
1016
1160
540
794
804
811
803
792
793
781
813
821
819
815
816
843
785
776
775
766
778
773
838
764
755
578
523
529
557
1153
906
833
508
791
767
729
837
746
1132
801
719
802
809
808
1096
1048
1047
757
779
783
933
1052
847
584
499
615
705
1088
1087
721
1067
495
496
1042
846
670
669
860
859
858
857
861
862
756
865
1124
1106
790
706
1147
822
1083
799
743
763
800
501
864
1092
1093
942
1120
904
753
825
546
547
1107
888
1073
881
1114
844
1108
876
782
922
1068
683
1015
1017
1043
1044
1045
492
720
807
836
1076
1117
916
851
852
853
817
818
519
1122
1095
787
1072
1171
1172
749
839
1071
867
1103
1007
1006
856
830
521
855
839
1071
867
1103
1007
1006
856
830
521
855
831
1142
1077
1175
737
1170
1173
786
842
849
848
952
882
797
1109
1111
1110
1113
1112
672
850
854
789
784
664
1074
957
958
1075
759
866
879
738
739
740
806
770
628
932
1141
1140
1138
1305
1301
1303
1302
1304
1312
1307
1310
1309
1296
1295
1292
1293
1299
1300
1297
1281
1283
1284
1285
1286
1290
1288
1291
1294
1308
1306
1282
1262
1267
1270
1271
1274
1273
1269
1280
1263
1275
1279
1278
1276
1261
1277
1264
1266
1268
1272
1180
1176
1177
1178
1179
1182
1183
1184
1185
1181
1253
1252
1257
1254
1255
1256
1260
1250
1251
1258
1188
1187
1191
1193
1194
1190
1189
1196
1197
1192
1199
1198
1207
1208
1215
1214
1217
1209
1218
1225
1206
1201
1212
1222
1223
1220
1216
1205
1203
1204
1210
1202
1241
1249
1240
1230
1231
1232
1235
1236
1243
1244
1245
1247
1229
1248
1234
1227
1237
1238
1239
1340
1343
1317
1344
1314
1334
1313
1330
1333
1331
1327
1345
1339
1319
1332
1335
1336
1321
1338
1341
1337
1322
1318
1326
1324
1316
1315
1328
1329
1342
1400
1398
1396
1395
1394
1401
1390
1393
1387
1389
1391
1392
1388
1399
1403
1402
1397
1381
1361
1353
1417
1423
1424
1425
1421
1410
1413
1422
1428
1391
1392
1406
1430
1409
1405
1429
1415
1408
1388
1407
1399
1426
1414
1404
1420
1403
1418
1427
1419
1402
1397
1411
1416
1412
1381
1361
1353
1358
1346
1364
1363
1348
1374
1382
1354
1352
1362
1372
1383
1373
1363
1348
1374
1382
1354
1352
1362
1372
1383
1373
1351
1349
1359
1385
1355
1380
1376
1384
1350
1366
1367
1356
1377
1379
1347
1368
1369
1370
1371
1386
1378
1357
1365
1360
1375
1589
1592
2424
1982
2110
2111
2112
2271
2036
2109
1761
2419
2420
1565
1564
1568
1844
1846
1848
1600
2425
2427
2075
1916
1919
1921
1752
1753
2000
2001
2004
2216
2217
1708
2094
2095
1842
2017
2472
2470
2471
1847
1845
1849
1850
2034
2070
2071
2072
2074
2076
2020
2093
2096
1784
2456
2457
2458
1709
1832
3166
3150
3138
2866
2755
3341
3338
3329
2797
2725
3449
3448
3444
3149
3674
3219
3668
3115
3300
3295
3298
3397
3156
3328
3221
3220
3538
3348
3235
3439
3045
2891
3513
2817
3443
3108
3651
3218
3399
3400
3060
2954
2955
2956
3279
3281
3032
3046
3047
2853
3004
3238
3236
3128
3127
3618
2710
3111
3455
3454
3462
3441
3461
3273
3274
3275
3237
3270
3271
3272
3458
3437
2801
3145
3534
3040
2850
3262
3244
3436
3435
3433
3432
3289
2994
2995
2886
2775
2962
3566
3456
3457
3459
3460
3105
3101
3447
3446
3440
3100
3104
3116
3117
3025
3146
3278
3277
3372
3371
3370
3369
3368
3367
3366
3365
3364
3484
3479
3477
3471
3470
3469
3465
3464
3463
2861
3098
3434
3203
3148
3398
3442
3512
3114
2773
2760
3332
3483
3482
3481
3480
3451
3450
3453
3452
3467
3468
2616
2617
2908
3142
2959
2800
2831
2832
2833
2834
3121
3122
3565
3603
3604
2983
2966
2985
3327
2633
2634
2632
3143
3118
3120
2761
2778
2781
2986
2990
3092
2930
2780
3140
3001
3524
3525
3409
3406
3404
3403
3413
3424
3426
3613
3423
3410
3430
3401
2629
2965
3485
3486
2700
3363
2975
3185
3190
2701
2702
2703
2704
3191
3194
3347
3268
3675
3157
3158
2799
2798
2705
2706
2707
2708
3135
3546
3392
3395
3394
3393
3124
2903
3044
3505
3051
3035
3023
3026
2957
3507
3504
2811
3024
2673
2672
2671
2687
2683
2681
2679
2676
2675
2689
2688
3543
2554
3521
3520
3539
3540
3541
3527
3528
3529
3531
3532
3522
3517
3518
3519
3506
2553
2571
2569
2568
2580
2599
2598
2597
2595
2607
2605
2909
3617
2626
2625
2624
2623
2622
2621
2593
2592
2591
2602
2601
2600
3509
3508
2660
2658
2670
2669
2666
2665
2664
2663
2662
2586
2585
2583
2582
2581
2594
2570
2686
3005
3068
3059
3056
2816
2785
2872
3034
3041
2784
3523
2783
2860
2734
3037
2852
3055
3067
3018
3038
2904
2715
2867
3063
3006
2924
2926
2932
2875
2944
3065
3013
2869
3039
2830
2942
2742
2740
3052
3008
3580
2848
3562
2803
2849
2918
3062
3050
3053
2562
2564
2563
2561
2560
2559
2555
2596
2603
2556
2914
2659
2654
2650
2677
2611
2643
2639
2674
2579
2578
2590
2589
2587
3019
3542
3533
3489
3490
3491
3492
2635
2631
2630
2644
2640
2638
2637
2636
2648
2548
2547
2545
2544
2566
2565
2552
2551
2550
2558
2557
2567
2653
2652
2651
2649
2661
2604
2641
2577
2574
2573
2572
2615
2613
2612
2610
2609
2608
2620
2619
2618
2628
2627
2647
2646
2645
2657
2656
3579
3578
3339
3635
3031
3083
3080
3558
2862
2838
2877
3048
3560
3049
2934
2856
2788
2805
2727
2814
2844
2846
2851
2818
2820
3555
3557
3556
2868
3626
2770
2793
2787
3213
3212
2815
3112
3113
3561
3352
3353
3354
3355
3356
3358
2795
3572
2857
3061
2840
2845
3641
2895
2741
2842
3359
3360
3362
3361
3290
3291
3644
3643
3642
3645
2892
3573
3027
2917
2826
2829
3009
2870
3549
3649
2746
2750
2854
3672
2931
3526
3139
3502
2796
3564
3058
2802
2642
3568
3567
3634
3633
3629
3628
2678
3498
2726
3010
3427
3428
3663
3661
3030
2786
3205
3209
3099
3599
2938
3639
3640
2718
3351
3330
3066
3563
3210
3211
3196
2819
3415
3416
2989
2807
3109
3172
3171
3119
2919
2920
3746
3753
3755
3757
3679
3766
3683
3686
3687
3689
3695
3696
3703
3704
3714
3723
2927
2929
2928
3727
3729
3730
3731
3732
3743
3106
3744
3707
3706
3705
3173
3107
3110
3086
3311
3308
3309
2947
2948
3605
3606
3607
3608
3186
3168
3169
3287
3129
3610
2762
2764
2765
2874
3199
3202
3204
3154
2731
2728
2729
3407
3021
3438
2940
3284
3314
3315
3334
3198
3201
2757
3554
3535
2779
3331
3206
3207
3208
3187
3188
3189
2883
3669
2871
2876
3137
3192
2863
3570
3571
3569
2546
2782
3530
3280
3259
3260
3261
3285
3405
2575
2576
2987
2614
3164
3163
3165
2894
2542
2538
2540
2541
2539
2864
2865
2588
3079
2721
2720
3551
3552
2751
2893
2897
2898
2921
2922
3057
3411
3412
3414
3243
3103
3155
2943
3749
3751
3752
3754
3756
3759
3765
3678
3684
3685
3682
3688
3692
3697
3699
3701
3702
3719
3720
3721
3724
3735
3739
3740
3712
3711
2937
2911
2912
3349
3350
3417
3420
3419
3760
3691
3693
3694
3698
3710
3197
3200
3087
3408
2949
2952
2950
2951
3176
3178
3585
3586
3254
3256
3096
3357
3282
2933
2993
3147
3131
3130
3677
3322
3323
3326
2823
3266
3267
3650
2835
2804
3559
3497
3680
3747
3748
3750
3758
3762
3763
3764
3681
3713
3709
3708
3715
3716
3717
3718
3722
3725
3726
3728
3733
3734
3736
3737
3738
3741
3742
3745
3545
3648
3022
3656
2847
3536
3134
3132
3133
3072
3376
2684
2685
3174
3177
3488
2936
2822
3514
3296
3333
3297
3299
2719
2584
3611
2978
2974
2972
2979
2988
2977
2976
2958
2980
2981
2971
2963
2969
3547
3548
3081
2905
3304
2806
3325
3324
2789
2790
2792
3515
3088
3069
2722
3616
3193
3373
3033
2828
3431
3690
3089
3090
3180
3183
3184
2812
3425
3537
3670
2902
3179
3182
3094
3666
3095
3091
3335
3336
3337
3123
3125
3126
2808
2809
3418
3421
3422
3429
2953
3141
2733
2739
3662
3658
3659
3660
3102
2767
2768
3175
3074
3265
3020
3007
2730
3064
3043
2810
2753
3076
2758
3214
3473
3503
3247
3246
2543
3550
2839
2923
2925
3093
2696
2667
2668
3302
3499
3500
3501
3377
2766
3097
3475
3476
3478
3378
3195
3472
2682
3343
3344
3345
3346
3249
3250
3251
3313
2982
2939
2941
2945
2752
3248
2906
3466
2716
2738
3255
3075
2841
3657
3664
3042
3493
3494
3495
3496
3253
3630
3631
2916
2825
2824
2984
2973
3144
3474
2813
3632
2859
2713
2712
2717
2714
2794
2711
2968
3082
2915
3761
2724
3700
3014
2900
2913
3029
3627
3624
3625
3623
3516
3598
2910
3303
2759
2754
2777
2709
3084
3647
2967
2858
2747
2749
2748
3385
3380
3379
3292
3242
2964
2970
2843
2880
3239
3384
2732
2680
2771
3264
3396
2756
2772
3307
3241
3160
3263
2889
2887
2888
2899
2890
2884
2935
2896
3286
2879
2723
2907
2901
2873
3312
3310
3619
3621
3620
3622
3245
3375
3159
3152
3003
2991
2998
3387
3306
2878
2655
3382
3240
2881
3581
3582
3583
3584
3587
3553
2743
2744
3153
3151
3000
3588
3589
3590
3591
3592
3593
2855
3577
3576
3575
2836
3595
3596
3597
3600
3601
3602
3655
3654
3224
3225
3544
3161
3162
3170
2997
2996
3293
2769
2763
3646
3574
3594
3653
3652
2837
3028
3222
2699
2698
2697
2695
2694
2690
2691
2692
2693
3676
3673
2735
3609
2885
3073
3017
3016
3015
2992
3070
3071
3223
3269
2882
3252
3374
2737
2776
3276
2606
2774
3390
3388
3389
3391
3078
3136
2821
3665
3321
3320
3319
3318
3316
3317
3615
3167
3383
3085
3510
3511
3638
3636
3637
3294
3402
3227
3226
3288
2736
3258
3305
3002
3229
3077
3667
3301
3215
3257
3012
3011
3228
3381
3054
2946
3386
2745
2549
3612
2999
3340
2827
2791
3614
3342
3036
3671
3216
3217
2961
2960
3181
3283
3234
3487
3231
3445
3233
3232
3230
1833
1834
1582
1583
1585
2125
2126
2127
2128
2129
2123
2124
1745
2207
2208
2429
2434
1445
1447
1686
1765
1767
1773
1774
1766
1769
1764
1771
1763
1770
1762
1772
1698
2426
2428
2171
2172
1701
1702
1884
1474
2301
2136
2139
1531
2065
1695
2173
2174
1989
1990
1991
1816
2475
1602
1973
1738
1739
1595
1597
1598
1599
2302
1542
1640
1644
1643
1642
1641
1639
2461
2462
2463
1782
1510
1669
1668
1993
1647
2006
1899
1507
2005
1530
2033
1828
2492
2509
2508
2507
2506
2504
2501
2528
2529
2530
2531
2532
2533
2500
2499
2498
2497
2496
2495
2494
2493
2491
2490
2489
2488
2487
2486
2485
1663
1666
1665
1664
1670
1667
2484
2483
2482
2481
2480
2479
2064
1693
2086
1517
1475
1495
1496
1463
1458
1461
1464
1519
1688
1532
1689
1878
1876
1875
1874
1873
1872
1871
1870
1868
1867
1864
1863
1861
1528
1711
1560
2113
1690
2046
2047
1866
1879
1671
1994
1672
2115
1883
1886
1747
1812
1681
1523
1756
1975
1976
1998
2084
2131
2130
1525
1636
1637
2519
1803
2062
2040
2091
1963
1785
1630
2031
1687
1964
2026
1841
1839
1829
1614
1673
1691
1529
1623
1506
1757
1625
1822
1503
1596
1619
1805
2099
2464
1779
2468
2467
1725
2512
2511
2520
2516
2522
2521
2527
2526
2525
2524
2518
2515
2514
2513
1581
1777
1877
1859
1862
1534
1806
1869
2054
1494
1514
1493
2478
2477
2104
2035
1983
1489
1488
1487
1486
1485
1484
1483
1482
1481
1469
1472
1473
1476
1477
1478
1479
1480
2105
1984
1501
1467
1755
1651
1656
1490
1880
1962
2007
1466
1652
1653
1654
1655
1742
2108
2067
2085
2101
1809
1692
1971
2048
1986
1987
1988
2135
2050
1657
1658
1659
1662
1853
1851
1515
1492
1491
1465
1650
1649
1648
2077
1509
1468
1631
1974
1731
2459
2460
1860
1858
1857
1856
1855
1638
1645
1646
1566
2012
1985
1865
1512
2476
1840
2466
2474
2465
2473
1511
1887
2053
2052
1714
1518
1563
1760
2049
1706
2454
1999
1683
1972
2103
1955
1956
1535
2517
1965
1606
2106
2107
1504
1556
2523
1956
1535
2517
1965
1606
2106
2107
1504
1556
2523
1924
1694
1726
1588
1778
1928
2455
1977
1549
1735
2009
1775
1768
1759
1635
1808
1807
1948
1780
1781
1882
1881
2069
2039
1717
1824
2032
1449
2157
2156
2150
2204
2145
2149
2221
2220
2219
2218
2213
2212
2211
2210
2209
2206
2205
2148
2453
1815
1817
1818
2073
1539
1541
1980
1516
1960
1957
1796
1500
2147
1787
2143
2142
2141
2116
2215
1906
2114
1601
1744
1743
1696
2010
1966
1969
1958
1959
1499
1624
1578
1577
1722
2151
1432
1433
1434
1435
1436
1437
1438
1439
1440
1441
1442
1443
1448
1444
1450
1451
1452
1457
1453
1454
1455
1431
1660
1946
1947
2230
2231
2251
2252
2253
2222
1632
1633
1634
2304
1836
2051
1584
1575
1576
1776
2535
1727
2305
2018
2022
2024
1462
2265
2264
2232
2233
1502
1961
1949
1950
2059
1944
1740
1741
2203
2202
2201
1942
1810
2195
2194
2196
1590
1593
1594
2200
2214
2263
2258
2257
2063
3786
3787
3788
3790
3782
3791
3792
3793
3784
3789
3848
3904
3834
3866
3888
3914
3811
3869
3832
3885
3942
3929
3955
3959
3970
3958
4024
4025
3982
3981
4088
4091
4092
4115
4087
4093
4098
4070
4058
4038
4156
4037
4035
4152
4056
4134
4138
4142
4205
4167
4109
4076
4108
4129
4127
4051
3886
3883
4013
3985
3986
3987
3988
4222
4220
4163
4020
4208
4178
4173
4195
4196
4200
4165
4107
4122
4078
4123
4079
4044
4028
3980
4043
4029
3879
3896
3889
3890
3891
3998
3999
4000
4001
4002
3913
3915
3918
3919
3920
4194
4201
4202
4192
4203
4090
4096
3820
3819
3818
3816
3815
3951
3950
3948
3963
3965
4213
4216
3921
3925
3926
3927
3928
4160
4191
4204
4190
4159
4132
4133
4135
4136
4137
3977
4052
4053
4054
4055
3966
3968
3969
4069
4068
3862
3860
3859
3858
3856
4072
4071
4110
4111
4112
4150
4151
3984
3983
4015
3813
3822
3823
3824
3825
4066
4065
4004
4005
4006
4210
3961
3867
3972
3971
3960
4219
3907
3908
3909
3910
3912
4162
4179
4177
4175
4174
4105
4080
4104
4081
4130
4042
3979
4041
4031
3978
3892
3894
3895
3897
3898
3901
3902
3903
3905
3906
3930
3931
3932
3846
3845
4158
4206
4157
4188
4207
4082
4102
4083
4101
4147
4057
4032
4039
4033
3976
3812
3810
3809
3808
3807
3844
3843
3842
3840
3839
4155
4180
4181
4183
4184
4146
4145
4144
4143
4139
3975
4064
4062
4061
4060
3806
3804
3899
3936
3937
3935
3933
3876
3877
3855
3854
3853
3851
3850
4113
4114
4117
4118
4075
4017
4018
4019
4021
4022
3826
3828
3829
3830
3831
4007
4008
4009
4010
4011
4103
3934
3847
4030
4182
4023
4106
3924
3995
3838
3964
3887
3900
4063
4221
3817
4116
3870
4027
4148
4215
4185
4014
4085
3945
4074
3841
4128
3884
4126
3827
4016
3821
3940
4171
3814
4012
3893
4189
4049
3911
4198
4086
4193
4176
3857
3852
4067
4003
4149
3837
3836
3864
3863
4187
4154
4186
4153
4073
4140
4084
4100
4141
4099
4040
3938
3939
3941
3953
3952
3957
3871
3946
3956
3873
4166
4168
4169
4170
4172
4125
4124
4119
4121
4077
4050
4048
4047
4046
4045
3882
3881
3880
3865
3878
3989
3993
3994
3996
3997
4211
4214
3849
3947
3974
3973
3962
3944
3874
3954
3875
3943
4212
3868
3833
4034
4036
3799
3776
3800
3803
3802
3777
3780
3778
3779
3783
4059
3781
3801
3798
3797
3795
3796
4209
3794
3835
4094
4120
4161
4095
3773
3917
3916
3771
4197
3769
3775
3774
3772
3770
3768
3767
3923
4164
4089
4026
4097
4217
3949
3967
3990
3991
3992
3785
3861
3922
4218
4131
4199
3872
3805
4530
4568
4650
4654
4508
4629
4282
4284
4488
4564
4317
4341
4644
4702
4703
4658
4266
4340
4326
4327
4672
4594
4561
4741
4775
4656
4357
4412
4410
4653
4477
4267
4265
4517
4354
4649
4648
4358
4389
4705
4528
4334
4518
4510
4751
4242
4480
4647
4651
4335
4337
4338
4339
4579
4514
4513
4512
4511
4509
4275
4276
4277
4279
4281
4226
4227
4229
4230
4231
4695
4694
4692
4691
4643
4346
4347
4349
4350
4353
4483
4482
4481
4478
4472
4465
4367
4475
4476
4781
4245
4246
4247
4244
4251
4630
4627
4626
4623
4622
4362
4363
4545
4544
4542
4461
4460
4458
4457
4455
4802
4801
4799
4798
4797
4258
4260
4261
4262
4263
4249
4304
4305
4306
4307
4548
4342
4343
4344
4408
4409
4487
4485
4484
4796
4767
4762
4761
4760
4264
4688
4687
4686
4684
4308
4310
4311
4312
4614
4645
4646
4737
4736
4735
4734
4733
4373
4376
4377
4378
4425
4424
4423
4422
4421
4774
4773
4772
4771
4770
4677
4750
4748
4747
4746
4671
4766
4628
4782
4582
4318
4321
4322
4323
4324
4385
4386
4387
4388
4390
4280
4302
4270
4271
4272
4790
4789
4788
4787
4225
4701
4700
4699
4698
4697
4696
4606
4605
4604
4603
4602
4328
4331
4333
4392
4393
4394
4516
4515
4763
4765
4806
4804
4803
4252
4253
4254
4255
4256
4621
4620
4619
4617
4313
4726
4725
4724
4722
4721
4541
4540
4539
4538
4536
4452
4451
4450
4449
4448
4759
4758
4756
4754
4753
4683
4682
4681
4679
4678
4601
4600
4598
4596
4595
4720
4718
4717
4716
4715
4535
4534
4533
4532
4531
4446
4445
4442
4441
4440
4752
4786
4784
4785
4783
4670
4668
4667
4666
4590
4589
4588
4587
4563
4565
4557
4555
4395
4396
4397
4399
4400
4297
4298
4300
4301
4529
4732
4731
4729
4728
4223
4379
4380
4381
4382
4383
4418
4417
4432
4437
4473
4768
4794
4793
4792
4791
4745
4744
4743
4740
4624
4348
4776
4299
4278
4443
4680
4575
4795
4693
4372
4320
4384
4537
4749
4486
4662
4257
4655
4436
4685
4374
4757
4571
4719
4454
4640
4711
4592
4618
4403
4631
4730
4459
4583
4723
4462
4502
4237
4608
4228
4727
4289
4248
4259
4764
4769
4489
4224
4309
4547
4543
4738
4556
4597
4426
4805
4447
4491
4414
4391
4742
4669
4293
4800
4411
4497
4419
4524
4551
4714
4713
4712
4710
4709
4527
4526
4525
4523
4522
4439
4438
4435
4434
4433
4780
4779
4778
4777
4665
4664
4663
4660
4659
4586
4585
4584
4581
4607
4652
4578
4577
4576
4574
4573
4507
4506
4505
4504
4503
4283
4285
4286
4287
4288
4232
4233
4234
4235
4236
4642
4641
4639
4638
4637
4355
4356
4359
4360
4361
4471
4467
4466
4464
4463
4398
4453
4599
4315
4316
4501
4500
4499
4498
4496
4290
4291
4292
4294
4296
4238
4239
4240
4241
4243
4636
4635
4634
4633
4632
4708
4707
4706
4704
4739
4521
4520
4519
4364
4371
4572
4570
4569
4567
4566
4495
4494
4493
4492
4490
4657
4554
4553
4552
4550
4549
4401
4404
4405
4406
4407
4431
4430
4429
4428
4427
4456
4673
4593
4325
4375
4332
4303
4415
4345
4479
4352
4676
4675
4674
4580
4546
4560
4558
4559
4416
4314
4474
4273
4295
4469
4470
4690
4689
4468
4613
4615
4616
4268
4591
4336
4413
4562
4420
4351
4365
4366
4368
4369
4370
4755
4661
4319
4625
4609
4610
4611
4612
4250
4402
4269
4329
4330
4444
4274
5431
5225
5455
5097
5226
5227
5228
5229
5230
4857
4858
5223
5206
4903
5198
5218
5235
4953
5470
5471
5199
5224
5231
5195
5197
5202
5233
5089
5092
5093
5094
5095
5096
5090
5091
5200
5237
5207
5201
5238
4820
4861
4812
4835
4819
4844
5499
5022
4825
4813
4883
4845
4846
4841
4840
4833
4830
4967
4822
4811
4809
4808
5488
4829
5020
5135
5179
5294
5446
4870
4823
5516
5532
5531
5529
5528
5527
5526
5524
5523
5522
5521
5519
5518
5517
5281
5273
5272
5271
5270
5269
5268
5265
5264
5263
5290
5288
5286
5285
5284
5283
5445
4980
5515
5044
4930
5305
5369
4917
4882
5576
5367
5368
5370
5042
5041
5040
5038
5037
5448
4904
4902
4900
4878
4908
4879
4907
4880
5246
5245
5244
5242
5241
5371
5372
5181
5345
5346
5478
5463
5465
5469
4913
4957
4937
4912
4938
5399
5402
5403
5404
5405
5061
5063
5064
5065
5115
5088
5086
5085
5084
5083
4827
4854
4872
4990
4991
4992
4993
4909
5160
5161
5162
5163
5164
5374
5376
5377
5378
5379
5080
5056
5057
5058
5060
5414
5417
5421
5429
5508
5046
5045
4940
4939
4942
4962
4961
4916
4960
4915
5082
5054
5053
5052
5051
5444
5443
5441
5440
5439
4896
4895
4894
4892
4891
5165
5148
5149
5150
5151
4834
4831
5373
4949
4941
4950
5475
4933
4934
4935
4914
4936
5317
5349
5350
5351
5353
5008
5009
5010
5011
5012
5381
5383
5384
5385
5386
5013
5016
5018
5019
5067
4863
5477
5280
4887
4984
4985
4986
4987
4989
5113
5114
5155
5156
5157
5050
5049
5048
5047
5043
5453
5451
5450
5449
5447
4890
4888
4875
4876
4877
5154
5250
5249
5248
5247
5506
5505
5503
5502
5501
5365
5366
5035
5034
5004
5003
5002
4899
5569
5496
5497
5498
4886
4881
4905
4852
5240
5194
5192
5191
5190
5354
5356
4851
5184
5180
5069
5070
5071
5072
5073
5001
5000
4999
4998
4997
5500
5480
5481
5489
5483
5074
5075
5076
5077
5078
4862
5177
5176
5175
5484
5485
5486
5487
5490
5187
5188
5186
5262
5261
4860
5464
5466
5467
5530
4994
5276
5126
5507
5397
5418
5243
4974
5509
5189
5256
5382
4889
4995
5520
5348
5146
5406
5039
4893
5438
5525
4970
5140
5098
5130
5251
5153
5380
5068
5504
5422
5410
5355
5452
4885
5364
5298
4821
4906
5087
5266
4956
5062
5119
4932
5193
5159
5158
5313
4901
5059
4923
5568
5007
5030
5152
5079
4946
5109
5433
5482
4963
5017
5036
5352
4988
5081
4856
5391
5173
4996
5027
5289
5493
5171
5170
5166
5147
5145
5491
5492
5494
5495
4817
5318
5282
4807
5253
5260
5259
5258
5257
5255
5347
5357
5358
5359
5304
4855
4911
5066
5021
5023
5407
5408
5409
5411
5387
5116
5117
5118
5120
5121
5514
5513
5512
5511
5510
4943
4944
4945
4947
4948
4959
4958
4928
4929
4931
5400
5468
5144
5143
5142
5141
5139
5297
5299
5300
5301
4971
4972
4973
4975
4976
5254
5134
5133
5132
5131
5306
5307
5308
5309
5310
5024
5025
5026
5028
5029
5311
5312
5314
5315
5316
5031
5032
5033
5005
5006
5388
5389
5390
5392
5393
5122
5123
5124
5125
5106
5394
5395
5396
5398
5375
4983
5107
5108
5110
5111
5112
5178
5428
5430
5432
5420
5302
5303
5295
5570
5571
4977
4978
4981
4982
4966
5129
5128
5127
5105
5104
5419
5427
5437
5436
5435
5575
5577
5578
5274
5275
4964
4927
4926
4925
4924
5103
5102
5101
5100
5099
5434
5412
5413
5415
5416
5277
5252
5279
5278
4884
4922
4921
4920
4919
4918
4814
5479
5267
5287
4965
4850
4968
4969
4818
4828
4867
4847
5291
4843
5185
4848
4815
4816
4832
4836
4837
4838
4839
5401
4826
5293
5541
4842
4859
5292
4864
5546
5542
5540
4865
4868
4869
5539
5544
5537
5545
5538
5543
4810
5548
5136
5137
5423
5535
5536
5547
5533
4849
4873
4874
5138
5458
5182
5219
5204
5239
5203
5014
5015
5236
5425
5167
5205
4979
5232
5472
5174
4824
5442
5234
5217
5222
5172
5553
5554
5555
5556
5557
5558
5559
5360
5564
5552
5561
5562
5563
5362
5363
5573
5574
4952
4951
5055
5361
5549
5550
5551
5566
5572
5220
5221
5213
5215
5210
5208
5426
5214
5216
5196
4897
4898
5209
5212
5296
4910
5211
4954
4955
4871
5565
5534
4866
5473
4853
5183
5474
5168
5169
5321
5322
5325
5326
5327
5328
5319
5320
5333
5332
5331
5330
5329
5323
5324
5338
5337
5336
5335
5334
5424
5456
5344
5457
5341
5340
5339
5342
5343
5567
5459
5454
5461
5476
5460
5462
5560
6321
6287
6273
6118
5601
6346
6348
5596
5597
5678
6306
5848
5650
6344
6278
5779
5782
6027
6028
6029
6283
6276
5636
6277
6223
6221
6022
6068
6030
6320
6301
6337
6324
6314
6254
6323
6127
6122
6259
6258
6257
6256
6253
6073
6072
6071
6070
6069
6259
6258
6257
6256
6253
6073
6170
6169
6168
6167
6165
6227
6226
6247
6246
6156
6155
6154
6153
6152
6242
6241
6240
6239
6238
6120
6119
6117
6116
6114
6151
6150
6148
6172
6171
6018
6016
6015
6014
6013
6265
6264
6263
6262
6261
6040
6039
6038
6036
6035
6034
6033
6032
6075
6248
6309
6329
6308
6330
6136
6135
6134
6132
6131
5583
5582
6307
6317
6327
6026
5585
5672
6216
6255
6115
6085
6162
6074
6124
6149
6244
6331
6166
6231
6081
6023
5673
6133
6017
6245
6326
5584
6021
6260
6237
6037
6333
5674
5675
5586
6336
6328
6067
6066
6088
6087
6086
6020
6019
6163
6160
6159
6157
6222
6339
6084
6083
6082
6080
6079
6078
6077
6076
6123
6121
6220
6219
6218
6217
6215
6214
6236
6235
6234
6233
6232
6230
6229
6228
6130
6129
6128
6126
6125
5635
5603
5612
5855
5847
5580
5620
5906
5616
5606
5605
5602
5640
5638
5958
5957
5955
5954
5953
5986
5697
5700
5701
5703
5611
5600
5951
5980
5979
5978
5976
5704
5705
5707
5731
5732
5599
5595
5626
5625
5624
6007
6006
6005
6003
6002
5975
5660
5658
5656
5667
5733
5734
5741
5740
5739
5623
5622
5621
6064
6062
6147
6137
6113
6190
6191
6192
6193
6195
5669
5668
5581
5723
5721
5798
5796
5757
5756
5755
5754
5753
5752
5751
5749
6112
6111
6099
6197
6186
5842
5840
5839
5836
5835
5666
5665
5664
6055
6054
5738
5736
5735
5699
5698
5634
5632
5630
5629
5747
5746
5745
5744
5743
6108
6105
6103
6102
6101
5719
5718
5717
5716
5715
5821
5820
5819
5818
5815
5793
5792
5790
5788
5787
6184
6183
6173
5927
5926
5834
5833
5832
5863
5862
6100
6097
6095
6094
6093
5974
5973
5972
5971
5969
5922
5921
5920
5919
5918
6052
6110
6138
6139
6140
6098
6141
6142
6144
6145
6146
5628
5627
5594
5593
5589
6174
6175
6176
6177
6179
5610
5604
5648
5646
5645
5644
5643
6001
6051
5810
5808
5806
6092
6091
6090
6060
6058
5712
5711
5710
5709
5708
5886
5885
5884
5883
5987
6057
6107
6056
5875
5874
5730
5728
5727
5725
5724
5924
5923
5880
5879
5878
5860
5859
5910
5909
5908
5934
6048
6047
6046
6000
5890
5888
5887
5876
6065
5853
5845
5843
5999
5996
5995
5994
5742
5937
5942
5940
5941
6208
5904
5856
5846
5686
5858
5961
5587
5841
5654
5956
5993
5864
5696
6053
5729
5882
6089
5663
6063
5766
6109
5928
5873
6178
5750
5826
5977
5760
6049
5844
5797
5714
6185
5722
6194
5802
5861
5889
6042
5774
6096
5990
5949
5637
5713
5591
5911
5617
5631
5737
5702
6188
5916
5881
5807
5932
5598
6004
6050
5748
5935
5892
5868
5984
5925
5831
6143
6104
5706
5938
5945
5946
5947
5948
5872
5871
5870
5869
5867
5726
5780
5776
5773
5770
5877
5992
5991
5989
5988
5903
5902
5901
5900
6180
6181
6182
6187
6189
5642
5655
5653
5649
5670
5966
5964
5963
5962
5960
5950
5981
5982
5983
5985
5619
5618
5614
5866
5865
5830
5829
5828
5769
5768
5767
5765
5764
5827
5825
5824
5823
5822
5762
5761
5759
5758
5794
5933
5931
5930
5929
6045
5899
5898
5895
5894
5893
6044
6043
6041
6009
6008
5891
5917
5914
5913
5912
5805
5804
5801
5800
5799
5857
5609
5905
5967
5685
6347
6012
5789
6343
6282
6207
6198
6206
5907
6209
6210
5968
6334
5613
6313
5852
5851
5850
5849
6319
6212
6335
5775
5608
6338
6312
6322
6349
6315
6332
6202
6025
6031
6267
5778
5633
6269
6266
6303
6243
5590
5592
5720
6302
5944
6325
5639
5641
5854
6304
6268
6199
5689
6213
5690
5688
5687
5677
5680
5682
5681
5683
5691
5684
6010
6200
5943
5695
5997
5998
6310
6311
6341
5781
5783
5784
5785
5939
6201
5657
6293
6295
5679
5676
5692
5693
5694
6286
6279
6285
6275
6342
5812
5811
5579
6024
5662
6299
6305
5803
6204
5588
5817
5813
5816
5814
5809
6203
6205
5791
5651
5652
5661
5786
6288
6290
6281
6164
6106
6296
6297
6274
6225
6224
6318
6316
6161
5659
5959
5936
5771
6270
5772
5795
5777
6350
6280
6345
6284
6340
5615
6211
5607
6158
6298
6300
6272
5952
6291
5915
5647
5970
6059
6061
5763
5671
6289
5896
5897
6271
5965
6196
5837
5838
6292
6294
6249
6251
6250
6252
6011
2256
2249
2248
2247
2246
2244
2243
2242
2241
2153
2245
1938
1933
1586
2250
2155
1508
1538
1470
1471
1540
1605
1608
1611
1612
1617
1945
2159
2158
2237
2236
2197
2255
2254
1661
2510
1804
1802
1801
1800
1799
1798
1705
2432
2433
2400
2401
2402
2403
2404
2405
2406
2407
2408
2409
2410
2411
2413
2414
2416
2415
2421
2423
2430
1734
1736
1603
2536
1533
1721
1979
1520
1521
1522
1967
1968
1970
1889
2235
1981
2152
2228
2278
2275
2234
1835
2041
1527
2154
2014
2016
1758
2199
2198
2282
2279
2277
2030
1537
1536
2296
2267
1797
2038
2037
2042
2299
2298
2297
2285
2281
2276
2280
2295
2293
1794
1795
2534
1892
1548
1546
1547
2537
1543
1544
1545
2028
2502
2503
2505
1793
1790
1789
1788
1791
1792
1567
1569
1570
1572
1573
1604
1609
2122
2102
1821
1728
1729
1730
2294
2291
2289
2288
2287
2286
2284
2283
1580
1579
1562
1561
1715
1716
1460
1505
1895
1901
1904
1907
1908
1911
1915
1920
1897
1898
1902
1903
1905
1909
1912
1913
1917
1927
1978
1888
1890
1891
1893
1910
1922
1925
1926
1931
1934
1935
1939
1943
2431
2140
1896
1929
1819
1820
1930
1923
2132
2133
2134
1932
1918
2060
2061
2011
1936
1937
2055
1697
1700
1703
1704
2087
1748
1827
1825
1826
1749
1750
1751
1940
1941
1992
2137
2138
1746
1885
1894
1900
1613
1618
1622
1616
1676
1677
1678
1555
1557
1558
1610
1607
2168
1559
2418
1754
2081
2082
1837
2023
2025
2027
2029
2021
2044
2045
2056
1627
1629
1626
1628
1680
1679
1674
1675
1587
2272
2270
1552
2121
1838
1684
1685
2043
2117
1724
1456
2066
1811
2003
2002
1814
2328
2337
2292
2309
2335
2334
2331
2330
2227
2225
2224
2167
2160
2078
2079
2080
2332
2329
2339
2338
2290
2307
1823
2226
2223
2162
2163
2164
2165
1786
1953
1952
1951
2166
2161
2229
1712
2144
1830
1831
2336
2333
2308
2310
2311
2316
2320
2319
2269
2268
2342
2340
1497
1498
2274
2273
1713
1718
1719
1720
2314
1914
2312
2318
2097
1723
2068
2090
1571
1574
2146
2088
2317
2322
2323
2325
2353
2349
2347
2346
2344
2341
2015
2057
2058
2083
2327
2354
2350
2348
2343
2313
2321
2326
2238
2239
1954
2315
2352
2262
1682
2259
2261
2260
2240
1710
2345
1813
2361
2359
2358
2357
2356
2351
2300
2118
2120
2119
2360
2355
2392
2386
2092
1783
1997
1996
1995
2385
2324
2367
2391
2390
2389
2388
2384
2383
2372
2370
2369
2366
2381
2380
2376
2375
2373
2387
2377
1553
1554
2100
1513
2008
2266
2303
2306
2175
2379
2374
1550
1551
2019
1707
1699
2013
2191
2193
2183
2184
2185
2186
2189
2192
2371
2368
2365
2364
2363
2362
2469
1524
2187
2188
2450
2451
2452
2169
2170
2177
2178
2378
2435
2436
2437
2438
2439
2440
2441
2442
2443
2444
2446
2449
1843
1852
1854
2098
1615
1620
1621
1446
2089
1732
1733
1737
2179
1591
2176
2190
1526
2393
2412
2417
2422
2180
2181
2182
2382
2445
2447
2448
2394
2395
2396
2397
2398
2399
1459
6351
6352
6353
6354
6355
6356
6357
6358
6359
6360
6361
6362
6363
6364
6365
6366
6367
6368
6369
6370
6371
6372
6373
6374
6375
6376
6377
6378
6379
6380
6381
6382
6383
6384
6385
6386
6387
6388
6389
6390
6391
6392
6393
1
2
3
4
5
6
7
8
9
10
11
12
13
15
16
17
18
19
20
21
23
24
25
26
29
31
32
33
34
35
36
37
39
40
41
42
43
44
46
47
48
49
50
51
52
54
53
55
56
57
58
59
60
61
62
63
64
65
66
67
69
70
71
72
80
79
78
76
75
73
77
82
83
84
85
86
87
88
89
90
91
92
93
94
96
97
98
99
100
101
102
103
104
105
106
107
108
109
110
111
112
113
115
117
119
120
121
122
123
125
126
127
129
130
131
132
133
134
135
136
138
139
140
141
144
145
146
147
148
149
150
151
153
154
155
155
156
157
158
159
160
161
162
163
164
165
22
19
12
15
13
11
4
23
17
1
20
7
18
10
3
16
21
8
9
6
14
36
44
41
42
49
47
31
38
29
25
28
26
55
43
52
51
46
39
53
56
58
24
32
60
33
30
59
50
48
138
143
137
140
142
136
147
155
146
152
148
149
141
139
97
100
106
110
101
109
111
112
113
116
107
98
105
102
103
114
99
132
127
121
124
120
135
123
122
125
129
131
130
134
133
128
126
81
62
117
88
86
118
93
83
82
79
78
80
77
70
71
68
90
85
64
65
73
75
76
84
69
94
95
91
74
66
92
89
170
173
164
178
158
175
172
182
165
176
184
170
173
164
178
158
175
172
182
165
176
166
181
167
162
174
169
168
177
171
161
159
180
179
189
188
190
191
185
186
187
192
193
194
195
196
197
198
199
200
201
202
203
204
205
206
207
208
209
210
211
212
213
214
215
216
217
218
219
220
221
223
224
225
226
227
228
229
230
231
232
233
234
235
236
237
238
239
241
242
243
244
245
246
247
248
249
250
251
252
253
254
255
256
257
258
259
260
261
262
263
264
265
266
267
268
269
270
271
272
273
274
275
276
277
278
279
280
281
282
283
284
285
286
287
288
289
290
291
292
293
294
295
296
297
298
299
300
301
302
303
304
305
307
306
311
320
315
321
314
308
316
327
325
326
319
328
322
324
323
318
309
317
310
313
312
329
331
333
330
332
335
336
334
341
339
338
340
342
345
344
337
343
347
348
368
367
363
364
361
360
358
352
353
356
359
355
349
350
357
365
362
366
376
372
371
373
370
369
375
374
377
378
379
380
381
382
384
385
386
387
388
389
390
391
392
393
394
395
396
397
398
399
400
401
402
403
404
405
406
407
408
409
410
411
412
413
414
415
416
417
418
419
420
421
422
423
424
425
426
427
428
429
430
431
435
436
432
434
433
437
438
442
439
441
444
443
445
446
447
448
449
450
451
452
453
454
455
457
459
460
461
462
463
464
465
466
467
468
469
470
471
472
475
476
478
479
480
482
483
481
484
485
486
487
488
489
489
489
490
491
492
493
494
495
496
497
498
499
500
501
502
503
504
505
507
508
509
510
511
512
513
514
515
516
517
518
519
520
521
522
523
524
525
526
527
529
530
531
532
533
534
536
537
538
539
540
541
542
543
544
545
546
547
548
551
550
549
553
554
552
555
565
557
569
564
570
567
559
562
566
563
568
558
561
556
560
571
572
571
579
575
576
572
577
578
573
571
580
582
583
584
585
586
587
588
589
590
591
592
593
594
595
596
597
598
599
600
601
602
603
604
605
606
607
608
609
610
611
612
613
614
615
616
617
618
619
620
621
622
623
624
625
626
627
628
629
630
631
632
633
634
635
636
637
638
639
640
641
642
644
645
646
647
648
649
650
651
652
653
654
655
656
657
658
660
662
663
664
666
667
668
669
671
672
673
675
677
678
680
681
682
683
684
685
686
687
688
689
690
691
693
694
695
696
697
698
699
700
701
702
703
704
705
706
707
709
711
712
713
715
716
717
719
721
722
723
724
725
726
727
728
730
731
732
733
734
736
738
740
741
742
743
744
745
746
747
748
749
750
751
752
753
754
756
758
759
760
762
763
764
765
766
767
769
770
771
772
773
775
774
776
777
778
779
780
781
782
783
784
785
786
787
788
789
791
792
793
795
798
800
801
802
803
804
805
807
808
811
812
813
814
815
816
817
818
820
821
822
823
824
825
826
827
