31
334
276
393
388
387
333
363
691
575
1042
1395
997
1203
1204
1035
1037
1038
1446
891
892
1369
1077
1003
909
1056
1489
928
973
1206
998
748
747
890
992
1401
1402
868
1544
1192
1114
1113
999
1118
1011
1149
1152
1150
1153
1256
1257
1258
1500
1501
1086
984
1019
1020
838
1337
1561
1465
1564
1362
1552
1553
1554
754
899
900
755
756
1286
1484
1121
1023
1297
710
711
971
1506
1087
1386
1390
1389
1103
1082
1061
926
1145
1063
983
1017
1018
1515
1516
1518
1517
1305
1266
1151
1154
1071
751
1358
1112
1081
1319
1065
1299
1300
1328
1459
1423
1421
1586
1579
772
1556
1555
1551
887
1306
1491
1380
1490
867
1585
1577
1573
1580
733
1361
1599
1598
1583
1623
1621
725
737
1604
1537
1253
946
849
1481
897
1620
889
1613
1493
1633
1572
1379
727
886
840
1514
1494
929
834
1603
1597
1600
1596
1591
765
1590
749
1193
1513
723
764
771
874
779
714
1196
1302
936
1425
789
766
831
1624
750
827
1322
752
1255
1183
1356
775
1612
1212
823
1254
916
842
1269
1549
881
826
708
924
1243
1480
1374
1475
1478
1488
1482
1477
1473
1451
1456
1472
1352
1382
1270
1190
1189
1457
1447
1188
922
742
1463
1329
1377
1248
1442
1429
1435
1330
1431
1450
743
1155
1191
1448
939
1438
1428
1341
1320
1628
1626
1625
781
720
721
722
770
773
731
1249
777
780
778
1202
791
744
745
787
784
785
786
898
1567
1519
1529
1530
1531
1532
1534
1535
1541
1559
1265
908
1199
1223
1301
814
797
1198
1214
1371
1545
1222
1325
947
1158
818
816
815
812
795
858
856
854
850
1560
1558
1557
767
768
762
769
774
761
760
759
746
783
788
875
871
872
873
798
796
829
844
836
835
1498
1593
1177
919
782
1367
1184
837
1574
1611
951
1141
1543
1247
1263
1120
1483
706
1144
1609
1610
1608
716
712
741
739
736
1607
1503
1504
952
953
954
1201
1200
1216
1215
948
1213
1211
931
930
925
1244
1229
1228
1264
1279
938
935
1280
1281
1283
934
912
1326
1327
1323
1159
1372
1376
1194
790
709
1195
879
1575
1571
1550
888
893
895
896
1512
1510
1509
1507
902
1505
904
848
822
847
824
825
945
943
863
882
866
869
870
883
1220
918
843
1210
1209
1207
1208
1259
1353
1355
1360
1359
942
941
1217
1218
1219
1363
1267
1277
1276
1268
1275
1274
1321
1273
917
932
933
1294
913
906
907
1461
839
1384
901
1430
1578
1570
1496
1497
1584
1589
1182
1122
1227
1311
1568
1499
1289
1602
1601
724
1508
1313
1588
962
961
1008
1181
1173
717
726
1520
1185
964
1581
1582
1417
1492
1116
1048
1073
949
950
1129
1440
758
880
1420
1437
885
1354
792
715
1107
1388
707
859
860
861
862
921
963
1298
911
1542
729
730
728
1090
955
1295
1291
1422
1128
1123
1409
1340
1619
1618
958
1318
1179
1479
1069
1171
1615
1617
1614
718
719
732
1287
927
1172
1047
1110
1296
1124
1292
1441
1576
1351
1455
1454
1224
1225
1226
1345
1344
1536
1616
740
937
903
735
1592
1487
1594
1036
830
1310
1309
1307
1308
1068
1062
1040
979
1595
884
1046
1378
753
757
1132
1406
1407
1404
865
1627
1146
1147
1111
980
1115
990
793
1004
1135
1074
1029
905
1521
1364
1365
1174
1108
1346
1109
1246
1245
1460
914
915
1426
920
1565
1566
845
855
956
1540
972
1486
1170
876
877
878
1538
1452
1347
1511
1524
1525
864
1339
1622
970
1007
968
1334
1335
1160
1031
1030
857
1336
982
1169
1059
1126
1125
1131
1045
1119
1242
1631
1630
776
1418
1419
1436
1433
1458
713
985
1251
1187
986
1522
1523
1165
1293
1039
1282
1445
1096
1117
1000
1013
1168
987
1262
978
1278
1098
1095
1010
1075
1076
1085
1088
1083
1079
1097
1078
1427
1092
1089
1528
1635
853
1080
1162
1383
1016
1375
1142
1143
1272
1271
1148
1163
1164
1032
1399
1400
1324
1470
1469
1403
1284
1033
1232
1233
1234
1235
1237
1236
1238
1239
1241
1240
1629
1348
1349
1350
1634
1357
1562
1563
1526
1527
1415
1474
1476
1466
1021
1449
1547
1546
1548
1533
1467
1539
910
1393
1072
1178
1180
1057
1303
1099
1312
1314
1315
1084
828
1034
1408
1414
1304
1197
1230
1342
1416
1316
813
1014
1015
1106
1250
1405
1370
1434
988
1134
819
817
821
820
1285
801
1471
799
800
989
1137
1136
1140
965
993
994
995
1001
809
810
811
808
1027
1012
804
805
806
802
807
803
1058
1060
1156
1157
1009
923
738
1443
1444
1066
1067
1005
975
1424
1343
841
894
1338
957
1166
1381
1231
960
1252
996
1366
1175
1394
1392
1391
1396
1398
940
1368
1485
1373
1288
1002
1167
1290
974
1502
1043
1161
1468
1453
1130
1094
1439
1432
1464
1387
1385
1026
1025
981
976
1022
1331
1332
1333
1138
1139
1127
1587
1397
1104
1102
1176
832
1100
1101
1261
1260
734
969
967
966
1105
959
1064
1495
1632
1205
1186
794
1091
1606
1605
1055
1070
1044
1317
846
944
1041
1133
851
852
833
1054
763
1569
1462
1024
1093
977
1413
1412
1410
1411
1028
1221
1006
991
1049
1053
1051
1050
1052
137
356
357
587
660
125
126
602
51
152
608
612
641
155
580
153
571
572
255
667
661
32
688
646
80
603
676
184
645
697
89
88
666
56
179
72
73
74
128
113
58
63
204
70
84
38
33
150
103
108
100
133
256
251
223
231
149
140
164
177
199
228
83
124
267
218
234
229
239
235
209
163
181
90
240
203
148
171
245
237
138
175
160
36
94
159
134
54
109
194
249
262
118
39
95
167
145
188
264
65
170
224
37
35
34
62
253
193
45
213
210
43
192
212
146
117
263
257
196
247
215
211
248
221
41
205
119
241
266
114
232
227
129
198
246
217
230
208
195
144
165
69
75
68
82
81
78
189
135
101
67
161
64
216
219
243
44
678
674
700
633
634
635
643
694
692
687
686
677
671
665
200
244
197
631
629
651
550
86
99
91
105
110
111
127
632
122
87
142
104
242
236
202
147
222
59
225
130
173
169
554
157
238
151
136
107
654
648
557
566
577
680
681
616
588
570
664
613
656
684
601
618
49
50
42
57
563
560
546
139
585
670
636
265
623
172
226
252
628
683
589
663
162
620
621
102
590
71
214
166
685
695
178
132
698
480
564
174
547
183
40
48
233
123
92
699
259
586
60
652
76
206
655
268
182
131
552
96
617
141
187
611
559
576
574
573
558
614
679
693
647
644
549
158
594
673
690
653
637
606
605
672
85
619
639
626
548
649
696
701
702
121
79
622
77
115
52
250
596
597
116
191
190
66
53
29
30
112
705
98
703
704
657
658
511
591
592
583
398
485
615
207
640
553
289
288
642
599
551
578
595
556
600
97
295
328
630
168
689
532
531
530
529
528
527
526
525
524
523
522
521
508
509
510
512
513
610
609
201
638
675
607
593
468
467
466
465
464
463
457
458
459
460
461
462
431
430
429
428
427
426
419
271
270
269
514
515
516
517
518
420
421
422
423
424
425
354
353
352
351
350
349
343
344
345
346
347
348
274
273
272
519
479
478
477
476
475
474
473
472
471
470
469
445
446
447
449
450
451
452
453
454
455
456
444
443
442
441
440
439
438
437
436
435
434
433
432
407
408
409
520
410
411
412
413
414
415
416
417
418
448
156
659
604
584
220
598
46
120
106
555
627
180
668
669
581
55
176
143
582
495
496
497
498
499
500
501
502
503
504
505
506
507
494
493
492
491
490
489
488
487
486
484
483
482
481
395
396
397
399
400
401
402
403
404
405
406
310
381
380
379
378
377
376
375
374
373
372
371
370
369
368
316
317
318
319
320
321
322
323
324
325
326
327
329
311
312
313
314
315
308
307
306
305
304
303
302
301
309
650
47
545
154
544
543
542
538
541
537
540
536
539
535
534
533
568
579
260
258
261
562
186
185
561
565
682
662
254
624
625
569
567
278
279
355
330
331
332
335
336
337
338
339
340
341
342
280
277
275
285
286
287
284
283
282
281
296
297
298
299
300
294
293
292
290
93
291
394
392
391
390
389
367
366
365
364
362
361
360
359
358
382
383
384
385
386
61
1642
1
3
4
5
7
8
10
11
12
13
14
15
16
17
18
19
20
21
22
23
24
25
26
27
28
29
30
31
32
33
34
35
36
37
38
39
40
41
42
43
44
45
46
47
48
49
50
51
52
53
54
55
56
58
60
61
63
62
59
57
76
77
74
72
73
69
75
71
70
64
65
68
67
66
81
85
84
80
79
88
89
90
78
82
83
87
86
91
92
93
94
95
96
97
98
99
100
101
102
103
104
105
106
108
110
109
107
111
112
113
114
115
116
117
118
119
120
121
122
123
124
125
126
127
130
129
128
131
132
133
1
4
2
6
12
11
10
9
8
7
13
17
18
19
15
14
16
20
21
22
24
25
23
26
27
28
29
33
32
30
31
34
35
36
37
38
42
40
45
44
43
41
39
47
46
48
49
50
51
52
53
54
55
56
57
58
59
60
61
62
63
64
65
66
67
68
69
70
71
72
73
74
75
76
77
78
79
80
81
82
83
84
85
86
87
88
89
90
91
92
93
94
95
96
97
98
99
100
101
102
103
104
105
106
107
108
109
110
111
112
113
114
115
123
122
121
125
126
127
118
117
116
119
120
128
129
130
131
132
133
134
135
136
137
138
139
140
141
142
143
144
145
146
147
148
149
150
151
152
153
154
155
156
157
158
159
160
161
162
163
164
165
166
167
168
177
175
174
176
184
179
178
180
181
169
170
171
172
173
183
186
185
187
188
189
191
192
190
193
194
195
196
197
198
199
200
201
202
203
204
205
206
207
208
211
212
210
209
215
213
214
217
216
218
219
225
223
222
221
224
226
227
228
229
230
231
232
233
234
235
236
237
238
239
240
241
242
244
243
245
246
247
248
249
250
251
252
253
254
255
257
256
258
259
260
261
262
264
267
266
265
263
264
267
266
265
263
264
267
266
265
263
264
267
266
265
263
264
267
266
265
263
264
267
266
265
263
264
267
266
265
263
264
267
266
265
263
264
267
268
266
265
263
264
267
268
266
265
263
264
267
268
266
265
263
264
267
268
266
265
263
264
267
268
266
265
263
264
267
268
266
265
263
264
267
268
266
265
263
264
267
268
266
265
263
264
267
268
266
265
263
264
267
268
266
265
263
264
267
268
266
265
263
264
267
268
266
265
263
264
267
268
266
265
263
264
267
268
266
265
263
264
267
268
266
265
263
264
267
268
266
265
263
264
267
268
266
265
263
264
267
268
266
265
263
264
267
268
266
265
263
264
267
268
266
265
263
264
267
268
266
265
263
264
267
268
266
265
263
264
267
268
266
265
263
264
267
268
266
265
263
264
267
268
266
265
263
264
267
268
266
265
263
264
267
268
266
265
263
264
267
268
266
265
263
264
267
268
266
265
263
264
267
268
266
265
263
264
267
268
266
265
263
264
267
268
266
265
263
264
267
268
266
265
263
264
267
268
266
265
263
264
267
268
266
265
263
264
267
268
266
265
263
264
267
268
266
265
263
264
267
268
266
265
263
264
267
268
266
265
263
264
267
268
266
265
263
264
267
268
266
265
263
264
267
268
266
265
263
264
267
268
266
265
263
264
267
268
266
265
263
264
267
268
266
265
263
264
267
268
266
265
263
264
267
268
266
265
263
264
267
268
266
265
263
264
267
268
266
265
263
264
267
268
266
265
263
264
267
268
266
265
263
264
267
268
266
265
263
264
267
268
266
265
263
264
267
268
266
265
263
264
267
268
266
265
263
264
267
268
266
265
263
264
267
268
266
265
263
264
267
268
266
265
263
264
267
268
266
265
263
264
267
268
266
265
263
264
267
268
266
265
263
264
267
268
266
265
263
264
267
268
266
265
263
264
267
268
266
265
263
264
267
268
266
265
263
264
267
268
266
265
263
264
267
268
266
265
263
264
267
268
266
265
263
264
267
268
266
265
263
264
267
268
266
265
263
264
267
268
266
265
263
264
267
268
266
265
263
264
267
268
266
265
263
264
267
268
266
265
263
264
267
268
266
265
263
264
269
267
268
266
265
263
264
269
267
268
266
265
263
264
269
267
268
266
265
263
264
269
267
268
266
265
263
264
269
267
268
266
265
263
264
269
267
268
266
265
263
264
269
267
268
266
265
263
264
269
270
271
272
273
274
275
276
277
278
279
280
282
281
283
285
286
287
288
289
290
291
292
293
294
295
296
297
298
299
300
301
302
303
304
305
306
307
308
309
310
311
312
313
314
315
316
317
318
319
320
321
322
323
324
325
326
327
328
329
330
331
332
333
334
339
341
340
342
351
337
338
336
347
344
360
355
354
356
353
359
365
361
369
368
367
370
364
357
352
358
366
363
362
345
346
349
343
350
348
335
371
372
373
374
375
376
377
378
379
380
381
382
383
384
385
386
387
388
389
390
391
392
393
394
395
396
397
398
399
400
401
402
403
404
405
406
407
408
409
410
411
412
413
414
415
416
417
418
419
420
421
422
423
424
425
427
426
428
430
431
432
433
434
435
437
438
439
440
441
442
443
444
445
446
447
449
448
451
450
453
452
454
455
466
477
478
479
482
475
483
465
459
468
467
461
473
472
471
481
469
484
458
476
470
456
460
480
457
474
462
463
464
492
494
493
485
486
491
488
495
490
489
487
525
512
513
514
524
520
499
519
503
507
515
506
521
511
502
501
509
498
516
517
518
505
508
523
522
500
497
496
510
504
