1
2
3
4
5
6
7
8
9
10
11
12
13
14
15
16
17
18
19
20
21
22
23
24
25
26
27
28
29
30
31
32
33
34
35
36
37
38
39
40
41
42
43
44
45
46
47
48
49
50
51
52
53
54
55
56
57
58
59
60
61
62
63
64
65
66
67
68
69
70
71
72
73
74
75
76
77
78
79
80
81
82
83
209
278
287
245
232
264
173
211
108
251
336
842
388
530
681
578
539
855
410
403
1219
1201
1208
1206
1210
1198
1207
1205
1191
1192
1195
1189
1194
1220
1009
1144
1211
1226
1274
1273
1398
1222
1221
1225
1202
1002
955
1216
1153
965
945
1494
1004
1151
1476
1462
1463
1410
1352
1290
1289
1358
1268
1293
1294
1292
1025
1026
1022
1023
1289
1358
1268
1293
1294
1292
1025
1026
1022
1023
1027
1028
1006
1399
1461
1455
1379
1478
1348
1430
1429
1443
1391
1297
1459
1467
1392
1393
1389
1460
1374
1360
1364
1370
1363
1484
1474
1475
1471
1470
1148
1000
1209
1362
1434
1388
1172
1174
1175
1344
1173
1326
1327
1102
1431
1228
1227
1231
1078
1079
1080
1232
1313
1395
1485
1450
1452
1453
1454
1451
1428
1145
1479
1129
1077
879
890
992
875
877
872
917
909
908
977
904
893
1111
1093
1094
974
907
996
906
891
873
892
894
1117
1037
978
1122
1104
937
966
1097
950
973
1118
1126
1067
860
1001
887
949
1036
1039
1024
1064
1072
1074
1081
1082
1052
1055
1060
1063
1076
1042
1043
1047
1050
1051
1010
1018
1020
1041
864
897
899
1003
1005
956
1086
1087
1088
859
962
948
951
941
942
943
964
963
1109
936
972
939
968
932
933
935
1110
982
929
981
930
980
925
926
985
927
984
922
988
923
924
987
1090
889
919
921
1101
1099
1100
1092
1091
1115
1106
1103
1130
1127
1124
1125
1123
1137
998
874
1116
1136
960
882
868
876
1029
946
861
989
952
931
1105
928
1089
940
967
1107
1065
1038
975
896
1128
979
1098
1045
986
1061
895
1011
1114
1119
1108
1139
1138
920
881
1135
1112
1469
993
1085
1134
994
995
916
1180
1179
959
1044
1046
913
991
1378
1298
914
1349
1350
990
1339
953
954
1059
1295
886
1340
1287
1258
1253
1230
1240
1260
1259
1246
1265
1257
1244
1238
1245
1243
1252
1012
1014
1016
1017
1013
1015
1288
1132
1131
1266
1267
1236
1264
1263
1262
1233
1237
1234
1261
1254
862
1386
1296
1181
1182
1239
1256
1241
947
1310
1486
1490
1301
1302
1183
1483
902
903
863
1019
1021
1465
1414
910
905
1229
1306
1305
1184
1334
1307
1381
1083
1242
1291
1337
1390
1373
1314
885
884
883
1372
1357
1069
1068
1070
1324
1315
1433
1332
1154
1336
1492
1493
1335
1277
1286
1280
1278
1281
1282
1255
1330
1331
1328
1329
1283
1279
1284
1325
1133
1235
1489
1351
1285
1316
1359
1311
1487
1375
1491
1333
1488
1345
1062
1369
1049
999
1304
1371
1308
1317
1269
1270
1272
1155
1318
1319
1303
1309
1212
1321
1347
1312
888
1320
878
1477
1323
1299
1300
1214
1215
1217
1218
1322
1095
976
1096
997
1056
1057
1058
1075
1054
957
1048
1066
912
1213
1120
1188
1186
1168
1084
1169
1271
1071
1250
918
1008
958
938
961
867
865
866
1146
1140
1141
1142
1143
1397
1417
1416
1442
1441
1437
1426
1425
1423
1190
1193
1196
1158
1159
1160
1161
1162
1163
1167
1164
1166
1147
1170
1480
1406
1407
1405
1404
1365
1366
1394
1408
1409
1415
1419
1411
1424
1468
1458
1403
1385
1382
1343
1384
1402
1380
1456
1457
1421
1420
1427
1418
880
969
970
971
1439
1472
983
1355
934
915
1040
1157
1178
1177
1176
1396
1400
1401
1464
1466
1436
1445
1341
1338
1368
1367
1361
1251
1481
1377
1197
1203
1204
1199
1187
1444
1171
1152
1200
1156
1165
1185
1412
1413
1473
1356
1383
1432
1449
1422
1113
1482
1447
944
1342
1438
1440
1448
1073
1121
1446
1376
911
1353
1354
1387
1033
1031
1032
1034
1035
1030
1435
1150
1149
900
898
901
869
870
871
1346
1007
1248
1249
1247
1053
1275
1276
1224
1223
413
739
749
405
304
300
299
581
465
305
510
613
614
818
610
501
476
547
473
825
850
778
597
384
344
764
293
360
813
789
586
489
565
412
408
562
468
442
445
377
461
463
462
478
387
390
464
383
382
381
378
374
339
338
335
330
332
327
328
340
341
334
417
409
349
419
467
487
366
353
367
528
494
517
400
395
853
746
352
655
426
428
322
837
779
841
323
435
433
430
444
580
849
555
559
554
625
550
553
592
832
831
805
756
757
760
605
654
414
800
615
447
542
411
656
458
634
529
345
642
590
750
499
751
619
776
754
500
509
486
612
827
297
814
633
822
792
296
617
368
358
516
513
397
294
624
797
342
518
816
589
564
644
815
744
782
759
641
372
761
404
484
645
391
479
457
602
579
807
392
639
848
611
803
819
370
826
492
524
347
346
357
459
845
523
319
643
628
369
799
583
620
843
585
525
519
373
343
649
362
857
401
609
588
482
584
773
784
646
828
604
511
396
616
566
830
834
315
402
809
575
574
627
775
361
515
650
790
572
631
535
359
318
793
483
621
785
571
320
454
455
363
568
506
537
541
520
521
577
576
399
546
534
783
788
786
780
573
847
808
801
844
810
821
846
817
829
824
796
795
812
798
836
777
811
794
804
298
354
802
669
696
694
700
695
690
703
702
692
735
736
724
737
723
719
725
720
715
721
714
709
716
713
712
707
711
710
686
687
688
706
705
732
689
738
693
422
351
657
658
659
660
675
677
679
676
680
685
661
665
635
439
333
748
787
325
329
838
852
316
570
495
638
587
505
504
791
820
438
385
295
472
453
672
526
743
563
623
507
355
321
608
762
421
394
452
774
440
629
632
393
531
607
670
337
671
556
567
662
698
835
747
416
823
781
324
475
427
485
622
389
331
637
545
429
763
752
508
460
636
758
503
651
569
431
753
432
371
582
806
425
326
448
544
522
491
420
350
415
407
502
527
470
471
356
664
668
317
418
386
667
606
663
691
704
449
497
708
722
496
601
647
833
443
742
423
481
653
488
398
543
466
538
771
490
640
626
684
561
551
375
770
767
769
768
593
594
533
548
599
598
701
674
730
731
729
549
474
603
311
591
766
469
434
678
424
740
741
477
379
306
666
630
652
618
348
839
532
717
699
301
308
303
302
512
493
380
364
697
858
856
514
406
718
772
446
456
734
436
437
755
600
765
840
540
745
498
480
596
727
726
728
733
683
682
560
557
558
673
314
313
312
309
310
307
441
552
450
451
595
376
648
536
854
365
851
151
124
168
86
118
191
136
283
144
237
258
292
103
133
200
214
224
104
105
106
107
97
98
99
101
102
90
91
94
95
96
84
85
87
88
89
221
247
115
178
182
156
141
93
195
196
215
266
205
92
114
176
274
260
261
262
263
265
254
255
256
257
259
276
279
280
252
253
270
271
272
273
275
248
249
250
269
241
242
243
244
246
291
238
240
286
288
289
290
207
281
282
284
285
199
201
202
203
206
219
220
222
223
197
198
212
213
216
217
218
193
194
208
210
187
188
189
190
192
235
236
181
185
186
229
230
231
233
234
184
225
226
227
134
135
137
138
139
128
129
130
131
132
165
166
167
127
159
160
161
163
164
121
122
123
126
158
112
113
117
119
120
174
175
177
183
179
180
169
170
171
172
149
150
152
153
155
142
143
146
148
109
110
111
140
125
162
157
100
204
228
154
277
147
116
267
268
145
239
1495
1496
1497
1498
1499
1500
1501
1502
1503
1504
1505
1506
1507
1508
1509
1517
1514
1522
1521
1519
1518
1511
1510
1512
1513
1516
1515
1520
1524
1525
1523
1554
1576
1578
1573
1575
1579
1546
1558
1547
1557
1551
1550
1531
1532
1580
1572
1564
1570
1569
1577
1529
1528
1563
1549
1565
1540
1544
1541
1545
1536
1537
1527
1548
1552
1559
1530
1533
1562
1561
1560
1555
1553
1556
1542
1543
1538
1574
1539
1526
1534
1571
1535
1566
1568
1581
1567
1733
1584
1586
1587
1582
1583
1736
1737
1723
1712
1717
1628
1617
1645
1714
1603
1640
1639
1706
1630
1618
1615
1622
1610
1614
1625
1626
1636
1697
1629
1728
1690
1646
1726
1703
1660
1715
1677
1616
1624
1657
1667
1635
1719
1638
1649
1686
1633
1725
1688
1644
1643
1698
1670
1724
1710
1637
1641
1609
1684
1627
1619
1700
1693
1611
1656
1632
1650
1605
1604
1704
1708
1681
1702
1701
1695
1696
1692
1663
1674
1653
1665
1676
1673
1679
1648
1647
1658
1680
1709
1713
1683
1685
1672
1669
1666
1718
1721
1642
1722
1664
1727
1678
1705
1651
1623
1655
1671
1720
1621
1631
1662
1652
1659
1694
1716
1634
1687
1668
1601
1675
1661
1711
1612
1734
1597
1593
1592
1594
1599
1600
1613
1595
1735
1585
1738
1590
1591
1589
1588
1598
1729
1608
1607
1691
1654
1689
1682
1602
1730
1606
1732
1596
1731
1806
1805
1800
1802
1801
1803
1804
1799
1809
1838
1843
1811
1835
1840
1831
1830
1833
1819
1808
1817
1845
1842
1818
1836
1841
1829
1837
1839
1816
1815
1812
1813
1807
1814
1844
1825
1827
1823
1822
1824
1826
1821
1828
1820
1832
1834
1810
1776
1761
1763
1762
1759
1789
1782
1795
1797
1796
1794
1780
1793
1781
1787
1779
1783
1784
1743
1756
1753
1754
1757
1750
1751
1752
1755
1749
1748
1798
1739
1786
1785
1744
1766
1770
1773
1772
1767
1791
1778
1765
1768
1774
1769
1764
1771
1775
1742
1760
1758
1747
1745
1746
1788
1790
1846
1792
1777
1740
2157
2158
1943
1944
2021
2022
2379
2380
2018
2491
1
3
4
9
11
12
16
18
20
22
24
26
28
30
32
34
36
38
40
42
44
46
48
50
1
2
3
4
5
6
7
8
9
10
11
12
13
14
15
16
17
18
19
20
21
22
23
24
25
26
27
28
29
30
31
32
33
34
35
36
37
38
39
40
41
42
43
44
45
46
47
48
49
50
51
52
53
54
55
56
57
58
59
60
61
62
63
64
65
68
81
89
84
66
88
87
86
85
82
74
73
75
72
77
79
69
76
71
90
83
78
67
70
80
91
93
92
26
55
57
56
53
76
69
70
5
4
3
77
15
1
2
14
13
12
58
79
25
64
66
72
63
65
59
27
30
39
50
47
48
51
44
45
46
49
43
42
33
60
16
17
19
21
22
34
74
67
38
18
54
52
36
61
37
28
7
8
9
10
11
29
20
71
73
78
75
62
32
23
24
35
68
31
112
117
118
125
126
127
114
136
132
99
93
101
148
86
131
147
87
137
98
100
133
130
94
80
140
143
139
123
124
91
97
81
85
84
88
83
89
92
95
96
115
116
141
109
107
111
134
122
129
142
135
110
105
102
144
104
106
145
146
119
121
103
138
108
128
90
82
113
120
169
196
197
203
191
202
201
189
183
187
185
182
205
184
192
172
165
204
194
193
199
195
167
164
171
173
181
188
179
178
177
175
180
174
176
200
186
166
168
170
190
198
151
155
158
157
152
163
150
153
159
154
149
156
160
161
162
333
338
235
219
216
303
243
217
223
279
248
332
321
231
227
218
211
214
215
237
312
251
342
272
317
343
261
246
328
233
282
262
225
341
265
292
318
264
239
255
287
313
337
259
250
244
242
210
229
230
314
308
294
212
323
209
266
238
301
305
275
257
298
281
283
241
247
325
319
324
291
316
315
310
311
307
277
278
268
276
273
280
249
290
295
329
296
254
253
252
285
258
260
326
330
297
331
299
300
286
284
344
234
226
335
289
293
320
267
232
270
224
322
221
222
228
236
240
336
256
309
334
220
340
288
327
348
304
263
213
309
334
220
340
288
327
348
304
263
213
302
274
347
245
208
207
206
306
269
339
345
346
384
406
405
413
421
415
409
410
420
392
374
388
387
381
382
404
358
359
407
408
394
401
400
403
402
418
417
352
353
351
393
377
376
379
395
372
373
375
367
360
366
365
363
389
419
357
391
390
380
385
386
369
370
371
356
364
416
354
383
412
361
414
362
396
397
399
378
411
368
355
349
350
398
422
423
428
426
425
429
427
430
431
424
432
434
433
435
436
437
438
439
440
441
442
443
449
451
454
444
447
446
445
452
456
455
459
464
457
462
460
448
463
458
450
461
453
14
12
9
2
6
7
8
32
31
15
16
3
10
30
19
5
17
4
18
11
29
1
28
13
24
20
21
27
26
25
23
22
33
43
46
47
44
39
34
45
42
40
48
36
35
38
37
41
50
58
59
62
77
61
73
51
53
54
52
49
66
67
69
72
65
63
56
55
68
70
71
60
64
75
76
74
57
90
86
98
83
78
87
94
92
97
85
99
88
93
81
82
95
96
100
89
79
84
102
91
80
101
108
115
107
109
120
121
105
118
116
122
112
113
119
114
111
110
104
117
103
106
125
124
127
123
126
155
131
132
170
168
161
160
143
144
154
155
131
132
170
168
161
160
143
144
154
148
147
128
129
165
164
163
169
125
146
148
147
128
129
165
164
163
169
125
146
151
137
141
138
142
134
133
124
145
162
167
149
127
166
130
159
158
150
153
139
140
135
136
152
123
157
126
156
171
173
176
172
174
175
187
177
178
186
184
182
183
180
185
179
181
200
201
196
202
206
188
192
190
189
197
207
198
204
199
194
193
205
191
195
203
208
261
294
226
302
238
235
270
250
274
293
319
237
222
223
220
215
214
217
219
247
221
231
232
233
236
305
256
255
316
290
228
280
227
273
249
300
306
301
264
254
253
243
312
283
269
251
298
216
234
225
212
240
241
242
246
317
320
295
315
314
313
307
276
287
263
265
266
278
289
286
292
309
260
258
257
259
271
272
297
299
285
282
279
229
252
277
291
318
262
310
284
224
230
239
275
311
303
281
245
288
308
244
268
218
267
210
211
209
304
296
213
248
327
324
321
325
322
326
328
323
329
330
331
332
333
334
335
336
337
338
339
340
341
364
345
344
362
342
343
353
351
352
363
365
368
372
354
355
357
359
360
373
356
366
346
347
348
350
349
367
358
371
361
370
369
393
389
394
391
427
426
428
429
430
410
414
425
415
386
384
385
387
381
382
383
388
380
379
374
417
416
375
397
401
403
409
398
422
408
396
399
404
400
395
402
405
392
390
377
418
411
378
420
423
412
419
421
413
376
424
406
407
446
449
447
439
436
444
445
443
441
433
457
446
449
447
439
436
444
445
443
441
433
431
440
435
437
438
450
452
454
453
451
456
434
455
448
432
442
458
459
467
494
477
476
482
481
484
483
472
471
492
488
465
460
487
502
501
489
491
473
498
497
495
496
480
461
469
475
470
485
490
464
468
474
499
500
478
479
466
493
486
463
462
503
515
511
509
505
512
514
513
510
506
504
507
508
516
518
517
