35
26
31
43
13
18
28
15
12
8
38
20
29
32
41
39
42
30
33
17
25
1
23
9
5
19
27
40
22
21
14
10
36
11
37
16
4
24
44
47
46
45
48
49
101
66
108
86
67
114
53
75
71
76
78
77
84
88
87
83
98
89
111
92
80
72
74
69
73
119
79
106
112
99
81
104
94
97
96
107
109
120
115
100
157
161
184
179
175
159
166
176
189
126
205
178
177
156
136
204
137
144
202
171
121
148
143
172
185
174
151
162
165
167
164
81
104
147
180
188
94
168
150
97
96
107
109
127
135
120
160
181
115
128
100
153
138
173
186
50
57
56
58
59
60
61
62
64
65
158
182
190
63
103
125
139
142
85
70
105
52
51
191
187
149
122
123
124
130
68
201
198
199
194
54
141
140
116
110
117
118
169
131
132
183
55
133
95
155
196
146
197
145
102
129
93
152
154
192
113
203
200
195
193
91
170
207
206
212
207
218
225
206
210
213
209
208
220
223
226
219
211
224
227
214
216
217
215
222
221
228
229
230
232
231
233
234
235
236
238
237
242
239
243
241
240
246
244
245
250
248
247
264
287
272
274
291
271
252
262
270
284
276
265
256
258
260
285
259
261
263
254
273
275
269
257
288
280
253
281
279
268
290
289
282
266
283
286
292
293
297
296
294
298
295
299
300
301
302
303
304
305
306
307
308
309
310
311
312
313
314
315
316
317
318
319
320
343
344
379
323
357
366
326
332
330
327
328
329
333
322
362
363
370
374
367
359
321
382
361
350
353
339
325
380
381
377
324
376
358
335
375
338
378
349
356
348
365
369
368
351
364
383
373
346
345
372
371
334
355
354
352
341
342
340
336
347
360
456
452
457
488
499
458
501
510
491
450
444
455
435
476
480
477
447
485
483
507
506
405
454
462
411
425
445
511
503
430
470
502
433
415
440
401
404
407
479
429
465
464
463
505
446
493
484
504
437
509
422
412
409
482
406
403
426
494
481
420
421
416
486
469
459
449
424
432
496
438
473
471
475
408
460
468
495
413
423
443
474
472
490
453
439
500
492
427
434
414
418
428
478
431
497
508
417
461
451
441
436
410
489
487
442
448
389
385
393
402
398
397
399
388
386
400
394
392
395
396
391
387
390
467
466
384
557
564
580
570
542
559
573
536
523
524
525
529
560
520
519
550
512
540
572
553
582
563
576
578
554
562
548
543
584
565
541
552
546
535
533
513
516
567
514
521
574
538
568
537
545
544
551
534
539
527
577
571
515
547
556
569
579
528
531
575
581
583
526
585
518
517
530
532
558
549
561
522
566
555
587
