1
3
5
6
14
16
23
33
38
37
36
39
49
50
57
53
47
54
32
56
48
41
7
17
66
19
20
68
18
22
9
11
10
21
15
65
13
61
67
69
42
27
58
40
12
24
44
46
51
28
29
30
26
25
62
63
64
34
55
60
43
31
59
52
35
72
74
73
70
71
75
79
82
83
78
80
76
81
77
88
98
87
86
91
89
85
90
84
93
100
106
103
104
102
101
94
95
99
96
109
110
108
111
97
92
107
105
112
113
115
116
117
120
119
118
121
122
123
124
125
126
127
128
129
131
132
133
134
135
137
136
138
139
140
141
142
143
144
145
146
147
149
150
151
152
153
155
156
157
158
159
184
190
192
189
186
182
187
191
188
178
179
170
176
183
177
162
164
163
165
180
199
194
195
197
181
173
172
169
193
175
200
166
167
161
196
168
198
171
201
202
203
204
205
206
208
212
209
210
215
211
207
213
214
218
219
220
223
222
221
216
217
224
225
226
227
228
229
230
231
232
233
234
235
236
237
238
239
240
241
242
243
244
245
246
247
248
249
250
251
252
253
254
255
256
257
258
260
261
263
262
267
268
264
265
278
271
275
270
276
274
277
272
269
273
279
290
280
282
286
287
289
281
284
288
285
291
283
292
293
294
295
302
310
303
301
311
304
308
313
306
297
298
307
296
312
299
309
305
314
316
318
319
320
321
322
323
324
325
326
327
328
329
330
331
333
336
335
332
337
338
334
340
341
342
339
344
347
345
346
348
349
350
351
352
353
354
355
356
357
358
359
360
361
362
363
364
366
367
368
1
2
3
4
5
6
7
8
9
10
14
16
15
11
13
12
23
21
19
18
22
20
24
25
17
23
26
21
19
18
22
20
24
25
17
27
28
30
29
31
33
32
34
35
36
55
71
39
42
65
63
49
50
61
56
38
52
66
73
51
40
46
69
67
60
57
72
43
37
62
54
58
45
64
59
47
70
68
53
41
48
44
74
75
76
77
78
79
80
81
82
83
84
87
85
86
151
200
153
154
152
233
247
248
249
250
246
226
176
201
169
218
216
221
239
242
168
199
173
212
220
172
240
251
171
163
236
219
159
235
222
243
234
167
157
245
187
208
180
213
238
252
237
161
175
217
215
165
214
190
224
197
229
164
166
162
255
256
174
231
241
211
204
225
209
195
156
210
223
188
189
228
244
191
206
205
230
155
253
158
170
203
227
149
150
177
178
179
148
207
184
182
193
194
185
183
192
232
186
202
160
196
313
356
103
88
260
332
342
94
91
282
95
329
97
111
110
109
116
119
120
121
122
125
130
127
108
117
129
304
96
124
126
280
266
317
318
324
354
319
291
301
265
334
336
348
306
328
310
331
289
146
345
322
90
309
300
305
89
290
292
269
274
143
307
349
351
352
278
283
294
302
315
312
92
287
135
147
279
267
270
314
277
268
142
347
335
284
93
285
316
337
107
264
281
353
100
333
338
303
106
330
311
141
118
131
286
136
261
263
262
258
299
323
145
104
346
133
344
295
297
298
296
327
293
101
257
102
137
98
139
343
355
138
325
134
144
112
113
105
275
273
259
341
339
272
320
123
326
132
115
128
288
276
357
99
350
358
387
389
388
417
438
428
447
429
423
420
426
434
432
436
433
431
445
444
427
449
430
441
440
442
450
425
446
424
419
435
439
437
443
391
394
406
422
395
396
397
398
399
400
401
402
403
404
405
359
361
362
363
364
365
367
366
368
370
371
372
373
374
376
377
378
379
381
382
383
384
385
386
415
390
392
393
408
409
410
411
412
413
375
407
418
14
5
3
4
8
53
104
99
90
7
11
91
20
22
86
51
29
105
16
18
85
103
77
75
12
102
94
13
19
24
70
27
101
82
45
76
89
87
88
93
92
17
23
25
21
64
66
106
61
62
56
65
50
33
68
59
71
80
10
15
84
31
28
74
39
34
57
79
32
63
40
38
41
69
96
67
46
42
100
83
37
78
55
2
1
30
81
48
44
58
43
47
26
73
36
52
35
72
49
97
95
60
9
169
170
158
127
139
173
141
175
119
160
108
136
107
179
153
191
142
187
180
110
178
152
202
156
162
201
166
195
194
135
167
181
199
200
116
157
117
128
131
144
125
143
203
185
168
118
133
140
134
198
183
176
190
137
155
124
138
115
171
132
184
188
150
161
114
165
109
129
130
163
189
113
111
197
192
112
177
159
172
149
148
146
154
126
122
147
186
123
121
182
120
174
164
204
205
206
207
208
209
215
216
218
225
237
242
241
240
243
252
253
259
255
250
256
236
258
251
245
219
221
222
220
224
211
210
223
217
267
212
263
246
229
260
244
213
226
248
249
254
230
232
233
228
227
264
265
266
238
231
257
262
247
235
261
234
239
268
268
270
269
271
273
272
276
277
274
275
278
279
280
313
288
298
287
286
300
305
312
322
315
282
311
307
326
324
330
331
319
333
309
291
283
329
302
281
321
327
325
334
338
328
335
337
323
303
308
289
301
285
290
318
317
320
332
310
284
293
294
295
299
296
297
292
306
304
314
336
316
339
340
341
342
343
344
345
346
363
351
353
356
362
358
357
361
354
360
355
350
364
349
352
359
347
348
