1
2
3
6
9
5
4
8
7
16
10
15
12
17
11
14
13
18
19
20
21
22
27
26
25
24
23
28
29
30
31
32
33
1534
315
1047
1134
863
1229
402
1555
57
102
101
148
149
144
161
206
209
220
34
44
51
59
61
62
64
67
71
80
83
85
92
94
98
99
103
105
109
115
122
126
129
129
133
133
130
130
151
151
155
155
159
159
160
160
168
168
176
176
178
178
197
198
201
213
216
217
239
225
238
37
56
128
132
138
141
153
173
177
188
181
208
55
60
73
76
121
131
165
163
174
199
194
204
218
79
66
106
53
104
143
187
247
293
313
324
370
419
424
431
303
271
70
172
180
35
36
47
54
63
86
125
171
182
205
232
258
435
87
113
741
193
166
191
251
269
46
240
418
291
72
170
309
321
222
236
77
308
202
84
127
38
146
196
203
248
45
290
436
417
277
307
49
184
353
189
256
235
114
288
432
411
389
369
348
327
305
179
221
200
242
284
74
116
137
95
263
90
183
230
234
278
292
343
371
412
445
195
50
265
134
136
157
164
276
295
328
336
414
446
93
111
140
223
233
287
299
326
360
362
373
398
426
100
250
207
58
440
387
280
274
112
41
403
139
340
158
117
152
229
286
314
344
367
415
441
449
82
255
264
282
349
425
462
501
568
597
671
709
710
715
720
810
818
88
212
285
296
311
333
339
464
729
839
858
852
860
850
641
320
819
784
765
838
652
354
783
215
884
351
469
254
355
361
905
368
646
716
318
317
757
421
298
224
771
491
297
894
587
867
651
906
545
643
801
774
744
383
527
595
332
507
359
626
859
750
882
513
731
901
754
879
785
586
773
742
588
596
907
416
571
794
302
281
97
875
543
703
837
358
124
279
874
495
107
420
576
443
607
110
304
585
849
899
833
711
570
664
401
423
873
531
804
567
75
735
374
662
473
758
877
535
273
637
745
534
319
312
655
616
695
728
876
364
427
880
392
620
896
841
508
515
422
861
726
450
835
479
237
674
147
654
145
862
872
448
761
621
477
751
624
406
766
552
476
610
316
845
721
836
434
471
561
539
150
807
881
902
573
378
617
267
792
396
516
647
388
824
442
337
249
489
582
770
509
119
350
584
843
260
395
661
365
619
888
399
717
834
633
606
259
559
517
768
868
581
644
686
496
475
602
808
887
707
538
748
847
828
454
623
665
727
788
1171
724
790
645
169
439
577
660
714
467
775
510
560
493
553
444
162
642
480
484
497
500
472
575
410
725
830
391
795
811
904
962
546
629
897
772
871
578
246
494
848
533
1269
1473
1448
821
802
831
630
615
1146
40
347
502
301
430
1062
490
723
1099
1063
653
96
48
375
966
722
739
667
957
663
1066
366
608
823
1045
512
892
1236
1379
978
1300
1016
676
956
566
622
407
844
895
869
562
338
746
1033
675
565
294
953
1111
1019
483
730
1043
289
325
334
791
357
275
1151
356
1094
1026
474
1004
272
245
979
1188
1155
1326
998
257
865
1428
120
466
889
1154
1053
1292
554
1444
428
1358
798
270
815
963
118
687
1068
456
135
672
563
1031
569
679
1339
1493
541
1000
1175
1341
1119
1362
969
740
341
666
846
1052
1014
167
1083
42
670
693
1203
498
827
504
601
832
983
964
579
335
1180
1109
1266
636
1177
1253
1366
1138
1100
1404
1320
697
438
885
980
1120
1501
814
520
1125
813
981
1161
1153
1086
268
190
1416
737
455
1131
1356
803
1082
1002
211
465
991
1467
1056
903
1250
817
952
1079
961
696
241
1128
1038
1170
1214
993
1298
1072
972
1074
1088
485
1058
712
1044
506
1381
1278
965
1158
1234
1144
1071
680
968
1313
611
1178
1183
976
1284
530
558
1317
1114
461
1338
78
1237
1084
175
1318
759
1030
540
457
1243
1035
1285
733
390
252
322
192
43
363
1198
1018
1070
967
1541
1208
1370
1504
1042
1148
1296
1507
1123
1213
1372
1102
1375
1040
954
492
592
1354
764
600
599
763
789
826
650
683
762
886
673
780
878
684
782
786
855
550
580
1384
702
1216
820
331
1249
1157
1508
123
379
394
405
409
429
460
522
525
537
658
689
982
1001
1005
1024
1050
1051
1089
1165
1196
1220
1257
1267
1288
1425
1438
1487
941
940
1451
1549
1436
1401
1262
1227
1169
1163
1106
1092
1075
1041
999
994
974
900
682
583
89
1139
1118
1097
1076
1055
1034
1013
992
971
951
1132
1340
767
228
1433
1020
1166
451
1192
1003
1297
470
736
1387
142
638
68
451
1192
1003
1297
470
736
1387
142
638
68
1440
1142
381
1184
1211
648
1532
1550
1194
891
400
532
1048
1482
487
912
1069
1137
1461
1393
481
779
1103
81
1126
1006
913
590
1359
1141
1235
915
613
69
185
1511
805
459
503
589
1447
1480
1520
542
1469
1116
377
1548
1210
385
970
1397
1465
1065
1386
1143
612
743
1209
1105
605
1133
1468
854
700
942
1442
1346
556
521
1294
1186
1219
1122
397
738
594
604
372
437
557
955
1057
1544
1325
898
1494
1291
1547
916
919
618
734
1543
1352
1380
1466
975
840
936
931
937
706
1197
382
1077
1497
640
985
1344
668
1251
853
1483
1136
1012
413
1182
769
1418
1246
1389
1551
816
934
1172
1028
1247
1457
1303
1299
219
1415
1510
1446
1193
1239
598
1472
1187
1149
1521
1351
935
1152
1308
1489
1162
749
1443
478
781
1232
1021
1515
1228
1525
1121
463
1007
1098
1399
870
1258
718
1112
345
551
1159
1202
1181
1265
1160
1224
1244
1306
1287
1327
1348
1435
883
1289
1350
1513
1402
1368
1390
1410
1431
1452
1496
1474
1516
1535
1060
1492
393
1531
1439
1130
1364
536
1533
701
625
1374
822
1392
482
1263
1476
1445
1264
1537
1046
1104
1107
1205
1411
809
488
753
1096
505
1022
528
261
1310
1481
1453
488
753
1096
505
1022
528
261
1310
1481
1453
1383
1503
1454
1456
1403
796
943
944
1528
1542
380
959
1378
1091
330
928
1517
329
634
681
812
1150
1168
1417
1498
1240
1349
1460
677
1398
1023
1073
987
1499
1519
1486
1241
924
1500
1174
1319
1406
1275
253
1479
1502
1054
1413
1345
1230
511
1254
1449
1471
1332
977
1394
1455
1391
1477
1430
911
1087
793
1093
1140
988
226
1432
376
1441
1037
1331
386
857
1343
186
108
1522
1527
778
1426
1409
947
1286
1231
958
519
1484
627
1523
984
1032
214
752
1505
690
518
1324
1301
544
1124
1529
39
154
1373
1463
1085
1290
1273
1309
1011
1206
719
1225
1396
1509
549
1330
1222
1270
526
1147
713
1090
1336
699
799
1135
1217
1408
1518
1526
1335
1376
1215
1185
893
708
1061
1464
1450
384
346
262
243
1405
1347
1009
949
231
1337
1407
1328
1329
1506
1110
669
572
458
1530
1305
938
1360
1485
829
1342
408
1311
656
1113
948
1207
694
52
1195
1395
1027
1312
1293
1462
1514
1414
1353
1238
244
591
614
787
1115
1200
1314
1233
1434
914
635
548
989
806
1279
1421
1382
1145
310
990
631
1117
920
1363
1552
1553
691
1371
1369
1367
1333
1242
1272
1212
1067
842
603
227
266
1010
1081
1204
1475
825
639
1540
657
300
777
705
1189
797
1412
946
1545
1255
732
917
1424
1029
1488
1295
1281
856
1201
1400
1008
1127
1490
323
1259
1437
995
688
678
628
922
1546
593
1015
923
939
547
866
499
1459
632
776
908
909
1101
1512
1538
1283
91
1108
973
1164
1323
1282
1539
1280
1420
447
1064
1049
1524
1221
1307
704
1078
649
1199
997
918
910
851
453
1190
210
685
452
1271
1173
756
1268
1427
342
755
283
1276
1470
1388
523
555
524
760
514
1248
1039
609
65
1423
1059
1495
1316
747
659
1036
1334
529
1554
960
1256
1226
1315
1080
1478
306
564
1129
890
352
1245
1260
1321
1017
945
1536
996
1357
1322
1176
986
1252
1365
1429
1277
433
1491
1422
1191
692
486
156
1419
1355
932
1361
1274
698
1025
1261
800
1385
864
1302
404
1458
1377
1218
950
574
1095
1223
1304
468
1179
926
925
933
929
930
1167
921
927
1156
1676
1677
1678
1680
1681
1673
1598
1988
2231
2232
2233
2234
2235
2236
2237
2238
2239
2240
2241
2207
2208
2209
2210
2211
2212
2213
2214
2215
2216
2217
2218
2219
2220
2221
2222
2223
2224
2225
2226
2227
2228
2229
2230
2189
2190
2191
2192
2193
2194
2195
2196
2197
2198
2199
2200
2201
2202
2203
2204
2205
2206
2172
2173
2174
2175
2176
2177
2178
2179
2181
2182
2183
2184
2185
2186
2187
2188
2180
1984
1985
1942
1943
1944
1945
1946
1947
1948
1949
1950
1951
1952
1953
1954
1955
1956
1957
1958
1959
1960
1961
1962
1963
1964
1965
1966
1967
1968
1969
1970
1972
1974
1977
1978
1979
1980
1981
1982
1983
1986
1987
1919
1921
1923
1926
1927
1928
1929
1930
1931
1932
1933
1934
1935
1937
1938
1939
1940
1941
1904
1976
1936
1925
1907
1908
1909
1911
1917
1920
1906
1913
1914
1971
1916
1905
1924
1910
1912
1915
1918
1750
1751
1752
1753
1754
1755
1756
1757
1758
1759
1760
1761
1762
1763
1764
1765
1766
1767
1768
1769
1770
1771
1772
1773
1774
1775
1778
1779
1780
1781
1782
1783
1784
1785
1786
1787
1788
1789
1790
1791
1792
1793
1794
1795
1796
1797
1798
1799
1800
1801
1802
1803
1804
1734
1735
1736
1737
1738
1739
1740
1741
1742
1743
1744
1745
1746
1747
1748
1749
1714
1715
1716
1717
1718
1719
1720
1721
1722
1723
1724
1725
1726
1727
1728
1729
1730
1731
1732
1733
1853
1854
1776
1777
1836
1837
1838
1839
1840
1841
1842
1805
1806
1807
1808
1809
1810
1811
1812
1813
1814
1815
1816
1817
1818
1819
1820
1821
1822
1823
1824
1825
1826
1827
1828
1829
1831
1832
1833
1843
1835
1845
1846
1847
1848
1849
1850
1852
1844
1855
1887
1888
1889
1890
1891
1892
1893
1894
1856
1857
1858
1859
1860
1861
1862
1863
1864
1866
1867
1868
1869
1870
1871
1872
1873
1874
1875
1876
1877
1878
1879
1880
1881
1882
1883
1884
1885
1886
1895
1896
1897
1898
1899
1900
1901
1902
1903
1851
2116
2117
2118
2119
2120
2121
2122
2123
2124
2125
2126
2127
2128
2129
2130
2131
2105
2106
2107
2108
2109
2110
2111
2112
2113
2114
2115
2132
2133
2134
2135
2136
2137
2138
2139
2140
2141
2142
2143
2144
2145
2146
2147
2148
2149
2150
2151
2152
2153
2154
2155
2156
2157
2158
2159
2160
2161
2162
2163
2164
2165
2166
2167
2168
2169
1973
1975
2170
2171
2104
1830
1834
1865
1589
1691
1922
1644
1648
1650
1634
1635
1636
1637
1639
1631
1626
1624
1623
1556
1713
1643
1646
1647
1649
1638
1640
1630
1625
1609
1610
1641
1629
1628
1627
1622
1611
1642
1645
1632
1633
1602
1603
1604
1590
1591
1592
1593
1594
1595
1596
1621
1597
1599
1600
1601
1608
1651
1620
1618
1605
1606
1607
1657
1655
1663
1583
1652
1653
1654
1656
1658
1659
1665
1619
1617
1582
1584
1585
1586
1587
1577
1578
1579
1580
1581
1616
1615
1614
1588
1576
2326
2327
2328
2329
2330
2331
2332
2333
2334
2335
2336
2337
2338
2339
2340
2313
2314
2315
2316
2317
2318
2319
2320
2321
2322
2323
2324
2325
2012
2083
2084
2085
2089
2090
2094
2096
2097
2098
2099
2103
2087
2088
1612
1613
1707
1708
1709
1710
1712
2086
2091
2092
2093
2100
2101
2341
2342
2343
2344
2345
2346
2347
2348
2349
2350
2351
2352
2299
2300
2301
2302
2303
2304
2305
2306
2307
2308
2309
2310
2311
2312
2242
1711
2294
2295
2296
2297
2298
2370
2371
2372
2373
2374
2375
2376
2377
2378
2379
2380
2381
2082
2058
2059
2060
2061
2062
2063
2064
2065
2066
2055
2056
2057
2041
2042
2043
2044
2045
2046
2047
2048
2067
2068
2069
2070
2071
2072
2073
2074
2075
2076
2077
2078
2079
2080
2081
2095
2255
2256
2257
2258
2259
2260
2261
2262
2263
2264
2265
2266
2268
2269
2270
2271
2272
2273
2274
2275
2276
2277
2278
2279
2267
2280
2280
2280
2280
2280
2280
1557
1558
1559
1560
1561
1562
1563
1564
1565
2280
1557
1558
1559
1560
1561
1562
1563
1564
1565
1566
1567
1568
1569
1570
1571
1572
1573
1574
1575
2102
2249
2250
2251
2252
2253
2254
2281
2283
2284
2285
2286
2287
2288
2289
2290
2291
2292
2293
2243
2244
2245
2246
2247
2248
2282
2353
2354
2355
2356
2357
2358
2359
2360
2361
2362
2363
2364
2366
2367
2368
2369
1660
1664
1666
1667
1668
1669
2365
1662
1670
2034
2035
2036
2037
2038
2039
2040
1661
2028
2029
2030
2031
2032
2033
2049
2050
2051
2052
2053
2054
2027
2382
2015
2017
2019
2020
2021
2022
2023
2024
2025
2026
2013
2014
2016
2018
1671
1672
1674
1675
1679
1682
1683
1684
1685
1700
1706
1687
1689
1690
1692
1989
1990
1991
1992
1993
1994
1995
1996
1997
1998
1999
2000
2001
2002
2003
2004
2005
2006
2007
2008
2009
2010
2011
1686
1688
1693
1694
1695
1696
1697
1698
1699
1701
1702
1703
1704
1705
2383
2384
2385
2386
2387
2388
2389
2390
2391
2392
2392
2392
2393
2392
2393
2392
2393
2392
2393
2392
2393
2392
2394
2393
2392
2394
2393
2392
2394
2393
2392
2394
2393
2392
2394
2393
2392
2394
2393
2392
2394
2393
2392
2394
2393
2392
2394
2393
2392
2394
2393
2392
2394
2393
2392
2394
2393
2392
2394
2393
2392
2394
2393
2392
2394
2393
2392
2394
2393
2392
2394
2393
2392
2394
2393
2392
2394
2393
2392
2394
2393
2392
2394
2393
2392
2394
2393
2392
2394
2393
2392
2394
2393
2392
2394
2393
2392
2394
2393
2392
2394
2393
2392
2394
2393
2392
2394
2393
2392
2394
2393
2392
2394
2393
2392
2394
2393
2392
2394
2393
2392
2394
2393
2392
2394
2393
2392
2394
2393
2392
2394
2393
2392
2394
2393
2392
2394
2393
2392
2394
2393
2392
2394
2393
2392
2394
2393
2392
2394
2393
2392
2394
2393
2392
2394
2393
2392
2394
2393
2392
2394
2393
2392
2394
2393
2392
2394
2393
2392
2394
2393
2392
2394
2393
2392
2394
2393
2392
2394
2393
2392
2394
2393
2392
2394
2393
2392
2394
2393
2392
2394
2393
2392
2394
2393
2392
2394
2393
2392
2394
2393
2392
2394
2393
2392
2394
2393
2392
2394
2393
2392
2394
2393
2392
2394
2393
2392
2394
2393
2392
2394
2393
2392
2394
2393
2392
2394
2393
2392
2394
2393
2392
2394
2393
2392
2394
2393
2392
2394
2393
2392
2394
2393
2392
2394
2393
2392
2394
2393
2392
2394
2393
2392
2394
2393
2392
2394
2393
2392
2394
2393
2392
2394
2393
2392
2394
2393
2392
2394
2393
2392
2394
2393
2392
2394
2393
2392
2394
2393
2392
2394
2393
2392
2394
2393
2392
2394
2393
2392
2394
2393
2392
2394
2393
2392
2394
2393
2392
2394
2393
2392
2394
2393
2392
2394
2393
2392
2394
2393
2392
2394
2393
2392
2394
2393
2392
2394
2393
2392
2394
2393
2392
2394
2393
2392
2394
2393
2392
2394
2393
2392
2394
2393
2392
2394
2393
2392
2394
2393
2392
2394
2393
2392
2394
2393
2392
2394
2393
2392
2394
2393
2392
2394
2393
2392
2394
2393
2392
2394
2393
2392
2394
2393
2392
2394
2393
2392
2394
2393
2392
2394
2393
2392
2394
2393
2392
2394
2393
2392
2394
2393
2392
2394
2393
2392
2394
2393
2392
2394
2393
2392
2394
2393
2392
2394
2393
2392
2394
2393
2392
2394
2393
2392
2394
2393
2392
2394
2393
2392
2394
2393
2392
2394
2393
2392
2394
2393
2392
2394
2393
2392
2394
2393
2392
2394
2393
2392
2394
2393
2392
2394
2393
2392
2394
2393
2392
2394
2393
2392
2394
2393
2392
2394
2393
2392
2394
2393
2392
2394
2393
2392
2394
2393
2392
2394
2393
2392
2394
2393
2392
2394
2393
2392
2394
2393
2392
2394
2393
2392
2394
2393
2392
2394
2393
2392
2394
2393
2392
2394
2393
2392
2394
2393
2392
2394
2393
2392
2394
2393
2392
2394
2393
2392
2394
2393
2392
2394
2393
2392
2394
2393
2392
2394
2393
2392
2394
2393
2392
2394
2393
2392
2394
2393
2392
2394
2393
2392
2394
2393
2392
2394
2393
2392
2394
2393
2392
2394
2393
2392
2394
2393
2392
2394
2393
2392
2394
2393
2392
2394
2393
2392
2394
2393
2392
2394
2393
2392
2394
2393
2392
2394
2393
2392
2394
2393
2392
2394
2393
2392
2394
2393
2392
2394
2393
2392
2394
2393
2392
2394
2393
2392
2394
2393
2392
2394
2393
2392
2394
2393
2392
2394
2393
2392
2394
2393
2392
2394
2393
2392
2394
2393
2392
2394
2393
2392
2394
2393
2392
2394
2393
2392
2394
2393
2392
2394
2393
2392
2394
2393
2392
2394
2393
2392
2394
2393
2392
2394
2393
2392
2394
2393
2392
2394
2393
2392
2394
2393
2392
2394
2393
2392
2394
2393
2392
2394
2393
2392
2394
2393
2392
2394
2393
2392
2394
2393
2392
2394
2393
2392
2394
2393
2392
2394
2393
2392
2394
2393
2392
2394
2393
2392
2394
2393
2392
2394
2393
2392
2394
2393
2392
2394
2393
2392
2394
2393
2392
2394
2393
2392
2394
2393
2392
2394
2393
2392
2394
2393
2392
2394
2393
2392
2394
2393
2392
2394
2393
2392
2394
2393
2392
2394
2393
2392
2394
2393
2392
2394
2393
2396
2392
2394
2398
2395
2393
2397
3
10
9
6
2
1
4
11
8
5
7
12
13
14
15
16
17
18
19
20
21
22
23
24
25
26
27
28
29
30
31
32
33
34
35
36
37
38
39
40
41
42
43
45
44
46
47
48
49
50
51
52
53
54
55
56
57
58
59
60
61
62
63
64
65
66
67
68
69
70
71
72
74
73
75
81
93
78
98
80
102
96
79
97
99
85
107
92
88
91
94
77
76
100
90
82
103
89
101
105
83
108
109
84
106
104
86
95
87
109
84
88
89
83
112
111
122
110
121
103
118
117
119
114
93
106
120
104
107
90
92
91
116
115
98
80
85
81
94
102
108
105
113
97
101
100
96
82
87
86
95
99
51
57
54
55
56
46
47
52
48
50
53
49
3
4
5
8
10
73
9
58
61
65
79
78
6
7
59
66
64
76
75
62
68
63
60
70
71
74
2
72
1
77
67
44
43
29
27
28
26
22
23
20
21
24
41
42
25
11
16
14
15
39
33
32
34
35
36
37
13
12
38
40
17
31
45
30
18
19
128
127
129
124
126
123
125
1
2
3
4
5
6
7
8
9
10
11
12
13
14
15
16
17
18
19
20
21
22
23
24
25
28
26
27
29
30
31
32
33
34
35
37
36
38
39
40
41
42
43
44
45
46
47
48
49
50
51
52
53
54
55
56
57
58
59
60
61
62
63
64
65
66
67
68
69
70
71
72
73
74
75
76
77
78
79
80
81
82
83
84
85
86
87
88
89
90
91
92
93
94
95
96
97
98
99
100
101
102
103
104
105
106
107
108
109
110
111
112
113
114
115
116
117
118
119
120
121
124
122
123
125
126
127
128
129
130
131
132
133
134
135
136
137
138
139
140
141
142
143
155
169
189
190
149
156
194
197
195
147
178
184
175
164
198
145
201
181
172
180
182
173
162
187
188
166
160
179
186
161
182
173
162
187
188
166
160
179
186
161
202
168
167
144
199
200
176
185
163
171
148
165
154
196
157
191
174
146
159
153
183
152
151
177
203
158
192
193
170
150
204
205
206
207
208
209
210
211
212
213
214
215
216
217
218
219
220
221
222
223
224
225
226
227
228
229
230
231
232
233
234
235
236
237
238
239
240
241
242
243
244
245
246
247
248
249
250
251
252
253
254
255
256
257
258
259
261
262
263
260
264
265
266
267
269
270
268
271
272
273
274
275
276
277
281
280
279
278
282
283
284
285
286
287
288
289
290
291
292
293
294
295
296
297
300
301
298
304
305
303
302
299
306
307
308
309
310
311
312
313
367
316
315
369
331
341
372
342
365
329
346
370
325
327
371
335
351
334
352
328
358
354
353
336
319
318
314
357
355
356
333
320
347
361
363
337
339
330
332
343
349
344
338
364
340
345
360
350
348
366
324
317
326
321
362
359
368
322
323
373
374
375
376
377
378
379
380
381
382
383
384
385
394
391
403
396
390
387
386
402
392
398
389
399
401
388
397
393
395
400
404
405
406
407
408
409
410
411
412
413
414
415
416
423
417
420
422
421
419
418
424
425
426
427
428
429
434
436
438
431
435
437
433
432
430
439
440
498
461
478
496
504
464
480
479
447
442
497
485
482
462
460
454
453
492
507
493
471
468
495
489
463
441
446
503
499
466
445
457
456
473
474
475
481
458
505
476
472
448
491
465
469
470
501
494
506
455
477
483
486
502
467
452
487
508
500
509
451
443
484
459
450
488
449
490
444
510
552
534
543
542
531
547
549
518
517
516
519
525
529
513
544
530
521
514
512
535
523
522
524
550
553
540
532
538
533
536
537
511
526
539
551
520
515
546
548
528
527
545
541
554
555
556
557
558
559
633
573
639
588
612
644
565
560
563
589
583
581
591
636
640
647
606
564
570
577
578
601
599
621
611
631
628
569
618
651
652
614
655
654
574
596
627
626
571
593
615
616
608
609
575
568
602
598
658
582
594
603
649
566
634
632
610
650
629
623
622
597
646
562
643
619
579
625
653
645
617
659
661
586
613
590
604
635
620
580
648
662
567
587
641
637
600
572
561
576
642
607
592
605
630
656
595
584
638
657
624
660
585
666
667
677
675
672
720
729
668
681
702
703
714
715
710
712
716
684
727
722
718
711
705
706
728
663
674
671
708
695
721
678
717
709
691
732
688
665
676
698
730
731
699
724
683
701
673
704
669
700
734
685
670
689
697
733
696
664
707
735
679
682
692
719
686
687
690
693
713
726
723
680
694
725
736
737
738
739
740
741
752
759
742
754
753
761
743
745
760
744
749
747
748
757
758
755
751
750
746
756
762
763
764
765
766
769
771
772
775
768
774
770
780
781
779
778
773
777
767
776
783
782
795
796
792
790
787
784
785
791
798
799
793
794
789
786
797
788
