1
2
5
4
3
6
7
8
9
10
11
12
13
14
15
16
17
18
19
20
21
22
23
24
25
26
27
28
29
30
31
32
33
34
35
36
37
38
39
40
41
42
43
44
45
46
47
48
49
50
51
52
53
54
55
56
57
58
59
60
61
62
63
64
65
66
67
68
69
70
71
72
73
74
75
76
77
78
79
80
81
82
83
84
85
86
87
88
89
90
91
92
93
94
95
96
97
98
99
100
101
102
103
104
105
106
107
108
109
110
111
112
113
114
115
116
117
118
119
120
121
122
123
124
125
126
127
129
128
130
131
132
133
134
135
136
137
138
139
140
141
142
143
144
145
146
147
148
149
150
151
152
153
154
155
156
157
158
159
160
161
162
163
164
172
170
169
168
165
167
171
166
175
173
174
176
177
1309
1393
1394
1395
400
404
402
1003
827
1295
1113
493
738
793
1228
1040
855
681
682
878
1262
1261
1033
1127
1126
1125
1218
1268
1152
1343
1272
1273
1302
1150
1246
1366
1364
1363
1365
1267
753
687
1329
1062
965
966
967
671
486
1299
336
1348
268
490
1284
1265
1266
1264
900
1297
1298
447
1279
266
406
405
403
1239
554
556
555
431
311
313
312
479
478
477
765
594
591
590
589
204
203
411
1032
436
195
1367
1139
1138
1038
1039
335
334
1314
1232
1233
429
1276
302
835
856
1359
811
571
387
553
267
1244
501
1035
939
379
1306
469
470
1092
1158
880
696
393
545
548
310
512
392
557
491
1333
1316
1389
837
1109
1320
1145
973
1355
1188
1315
1325
1163
1197
746
1106
552
519
631
700
1093
1060
339
362
277
182
693
1144
235
564
245
1134
1240
1096
861
539
1165
831
528
430
704
800
836
1362
910
741
805
825
795
763
1149
920
274
192
283
771
242
1006
808
809
359
1135
1215
1104
581
190
222
199
293
1169
364
1016
243
383
1176
584
468
440
255
607
802
619
873
1020
550
1075
956
885
1216
1122
1074
862
767
1349
614
626
627
628
629
630
632
633
635
636
637
639
640
648
650
653
666
668
655
456
600
1147
747
377
879
931
792
784
652
1336
316
357
487
621
647
609
1335
433
608
285
483
410
962
1206
1212
1285
1164
1128
257
309
1071
288
515
1358
745
938
216
251
191
223
224
225
227
300
877
391
522
269
932
272
943
435
540
559
881
1195
341
538
957
246
986
301
964
239
183
1103
517
999
303
504
764
215
356
361
261
1011
520
1009
500
201
259
399
1030
923
1091
1200
286
276
217
213
446
240
1360
983
249
511
370
382
206
949
386
1199
488
1132
281
338
1005
1170
196
443
1013
993
918
858
749
337
529
398
916
777
297
984
979
439
1229
1171
959
1014
1160
1234
298
821
926
1131
875
455
860
1098
437
475
516
480
498
1029
453
871
263
299
998
1248
1012
497
772
1000
284
407
202
876
218
1076
872
363
457
1097
458
294
1102
1101
912
265
523
503
917
886
369
413
518
237
409
524
1204
494
1270
1010
824
305
830
1361
394
1251
1275
355
537
1201
471
330
1369
1281
859
1245
354
774
810
544
775
570
397
424
935
1107
955
840
342
985
884
982
1026
833
381
449
543
1027
603
1136
505
371
954
1063
1271
1099
1018
421
968
1034
530
506
226
232
234
198
733
928
761
1288
1095
1094
1105
623
622
683
264
625
643
645
613
612
610
638
651
654
646
662
657
848
703
572
573
1259
990
874
953
1208
656
229
748
1353
291
698
1296
742
1380
716
1243
1015
1173
729
1384
1140
815
1111
1305
1350
997
220
783
221
948
465
561
665
1064
388
1017
1061
325
466
412
870
1151
694
834
599
598
882
322
321
320
744
980
883
615
992
823
1242
714
1292
1058
1059
1250
482
927
743
828
1090
340
1172
346
1129
1007
1146
933
936
1211
721
187
542
1291
1241
1082
1079
1080
580
585
509
1100
868
924
496
270
699
1289
705
844
1153
1154
574
750
740
776
649
988
937
372
282
780
389
319
731
732
624
669
659
644
1179
1258
707
970
969
360
945
1024
723
604
1312
1198
562
1166
1130
1376
913
1304
352
353
847
605
786
734
438
695
1337
448
702
1338
1180
1004
587
690
253
254
252
1269
1391
601
1085
865
866
752
385
472
1317
888
889
804
514
1148
536
770
1196
219
1214
569
287
1116
425
207
1385
1352
1392
1084
236
829
464
803
575
384
547
1352
1392
1084
236
829
464
803
575
384
547
546
463
462
551
1224
1066
205
664
751
673
672
1008
525
989
1256
1255
1321
595
978
816
794
492
951
1313
247
822
909
893
894
895
502
709
712
295
296
1383
1382
1381
1356
781
779
602
521
788
789
1068
1069
434
1397
710
711
1086
592
593
292
634
484
582
1236
1235
1177
1155
1156
854
345
344
459
1192
677
678
485
791
1390
1057
797
796
799
798
365
366
368
367
1334
380
586
597
971
864
596
558
869
832
565
568
567
618
616
1210
692
588
684
685
686
697
691
719
307
308
306
1087
1088
1089
1347
851
941
214
304
713
787
911
441
423
271
1202
1203
1167
1318
1070
454
934
919
1375
180
179
178
1041
1042
317
1341
667
1386
1142
508
1308
209
210
211
1119
238
473
801
262
1368
1280
1123
1124
1184
1185
1186
273
1187
1278
358
766
974
1025
611
896
960
1081
1189
419
1120
1121
507
676
1213
899
527
897
1083
248
1323
1326
1327
1247
1319
715
513
1055
1028
256
1379
1133
606
708
890
891
892
324
846
898
476
728
185
231
481
233
1300
230
323
228
193
1344
907
908
739
838
839
583
617
244
1021
991
946
1396
958
1303
1339
1056
717
720
850
718
1052
1053
1054
944
947
510
1019
725
1114
925
541
852
853
1110
1354
181
722
902
903
758
1209
1207
1037
401
689
1044
1046
1045
1047
849
994
769
768
1223
1222
1225
1274
1226
1227
914
1324
1398
1399
1237
812
995
495
1378
1277
260
1217
1219
1220
1221
395
396
663
1117
1002
759
1238
1293
1294
188
670
208
212
318
736
737
408
706
942
987
679
996
289
290
1377
735
842
981
1231
863
315
1141
445
428
1307
1051
975
329
326
841
1351
442
1118
499
1178
197
314
241
1168
200
641
972
1257
1159
1137
1115
760
1181
755
756
417
418
1346
278
279
280
901
1108
963
1036
1340
1342
1175
887
819
785
857
915
579
578
577
576
782
526
1345
467
1183
1387
1388
930
929
1001
762
444
724
1311
1310
560
674
813
814
378
347
416
415
1230
390
1205
563
1182
1031
489
258
845
1077
1078
904
1067
461
460
189
790
1065
376
373
374
906
184
186
1162
1161
820
1282
1283
620
566
414
535
534
1174
952
427
961
1143
817
976
977
826
375
807
730
549
474
688
532
533
642
843
867
450
451
452
1260
531
1073
343
1357
1112
348
349
350
351
818
778
701
658
332
726
426
1190
1191
757
754
940
1373
1371
1372
1370
1374
727
1301
1072
275
250
773
1194
1193
1254
1253
1252
1263
1331
1330
661
660
806
1290
1328
1332
420
680
1049
1043
1048
1050
1157
950
922
921
1023
1022
675
905
1249
1322
328
327
331
333
432
422
194
1287
1286
1400
1401
1402
1403
1404
1405
1406
1407
1408
1409
1410
1411
1412
1413
1414
1415
1416
1417
1418
1419
1420
1421
1422
1423
1424
1425
1426
1427
1428
1429
1430
1431
1432
1433
1434
1435
1436
1437
1438
1439
1440
1449
1450
1443
1444
1446
1447
1451
1442
1445
1448
1441
1452
1453
1454
1455
1456
1457
1458
1459
1460
1461
1462
1463
1464
1465
1466
1467
1468
1469
1470
1471
1472
1473
1474
1475
1476
1477
1478
1479
1480
1481
1482
1483
1484
1485
1486
1487
1488
1489
1490
1491
1493
1494
1495
1496
1498
1499
1500
1502
1503
1504
1505
1506
1507
1508
1509
1510
1511
1513
1512
1514
1515
1516
1517
1518
1519
1520
1521
1522
1523
1524
1525
1526
1527
1528
1529
1530
1531
1532
1533
1535
1534
1537
1538
1539
1540
1541
1542
1543
1544
1545
1546
1547
1548
1549
1550
1551
1552
1553
1554
1555
1556
1557
1
2
3
4
5
6
7
8
9
10
11
12
13
14
15
16
17
18
19
20
21
22
23
24
25
26
27
28
29
30
31
32
33
34
35
36
37
38
39
40
41
42
43
47
44
45
46
48
49
50
51
52
53
54
55
56
57
58
59
60
61
62
63
64
65
66
67
68
69
70
71
72
73
74
75
76
77
78
79
80
81
82
83
84
85
86
87
88
89
90
91
92
93
94
95
96
97
98
99
100
101
102
103
104
105
106
107
108
109
110
111
112
113
114
115
116
117
118
119
120
121
122
123
124
125
126
127
128
129
130
131
132
133
134
135
136
137
138
139
140
141
143
144
145
146
147
148
149
150
151
152
153
154
155
156
157
158
159
160
161
162
163
164
165
166
167
168
169
170
171
174
175
176
177
178
179
180
181
182
183
184
185
186
187
188
189
190
193
194
191
192
197
196
195
198
199
200
201
202
203
204
205
206
207
208
209
210
211
212
213
214
215
216
217
218
219
220
221
222
223
224
225
226
227
229
230
231
232
233
234
235
236
237
238
239
240
241
242
243
244
246
245
253
251
250
257
262
267
263
256
255
247
249
260
266
252
258
270
269
265
268
259
248
261
254
264
282
271
302
281
297
296
294
295
298
279
275
289
293
290
299
272
278
291
292
276
300
301
280
288
304
286
284
283
285
303
277
273
287
274
305
306
307
308
309
310
311
312
313
314
315
316
317
318
319
320
321
322
323
324
325
326
327
329
330
331
332
333
334
335
336
337
338
339
340
341
342
343
344
345
346
347
348
349
350
351
352
353
354
355
356
357
358
359
381
388
387
363
374
370
366
361
371
367
377
389
378
365
383
380
368
376
382
369
379
384
372
373
375
385
364
362
386
390
392
393
394
395
396
397
398
399
400
401
403
404
405
406
407
408
409
410
411
412
413
414
415
416
418
419
420
421
422
423
424
425
426
427
428
429
430
431
432
433
434
435
436
437
438
439
440
441
442
443
444
446
447
450
449
448
451
452
453
454
455
456
457
458
459
460
461
462
463
464
465
466
467
468
469
470
471
472
473
474
475
476
477
478
479
480
481
482
483
484
485
486
487
488
489
490
491
492
493
494
495
496
497
498
499
500
501
502
503
504
505
506
507
508
509
510
511
512
513
514
515
516
517
518
519
521
522
523
524
525
526
527
528
529
530
531
532
533
534
535
536
537
538
539
540
541
542
551
544
543
549
548
552
545
546
547
550
554
555
556
557
558
559
560
561
562
563
564
565
566
567
568
569
570
571
572
573
574
575
576
577
578
579
580
581
582
583
584
585
586
587
588
589
590
591
594
592
593
595
596
597
598
599
600
601
602
603
604
605
606
607
608
609
611
612
613
614
615
616
617
618
620
619
625
624
621
623
622
626
678
675
670
683
671
682
680
681
676
679
672
668
669
673
685
674
677
684
687
699
696
689
698
693
704
708
700
701
709
705
692
695
703
694
706
702
686
697
707
691
712
688
690
711
710
715
717
719
714
718
716
713
643
644
667
627
638
639
665
634
628
659
636
637
641
640
645
664
646
651
642
650
652
655
660
653
647
656
666
661
630
631
632
633
662
635
649
648
658
657
759
760
757
731
735
743
752
753
727
744
751
728
726
756
758
737
736
742
729
750
749
748
738
725
723
724
741
746
732
740
754
762
722
745
755
730
763
747
721
720
733
734
761
739
629
663
654
764
765
766
767
768
769
770
771
772
773
774
775
776
777
778
779
780
781
782
783
784
785
786
787
788
789
790
791
792
793
796
794
795
797
798
799
801
802
803
805
804
806
807
808
809
810
811
812
813
814
816
817
815
818
819
821
820
822
823
824
825
826
827
828
829
830
831
832
833
834
835
836
837
838
839
840
841
842
843
844
845
846
851
852
847
849
850
848
853
854
855
856
857
858
859
860
861
862
863
864
865
866
867
868
869
870
871
872
873
874
875
876
877
878
879
880
881
882
883
884
885
886
887
888
889
890
891
892
893
894
895
896
897
898
899
900
901
902
903
904
905
906
907
908
909
910
911
912
913
914
915
916
917
918
919
920
921
922
923
924
927
928
929
930
932
931
933
934
936
937
938
939
940
941
942
943
944
945
946
947
948
949
950
951
952
953
954
955
956
957
958
959
960
961
962
963
964
965
966
967
968
969
970
971
972
973
974
975
976
977
978
979
980
981
982
983
984
985
986
987
990
991
992
993
994
995
996
1020
1016
1017
1018
1019
1021
1015
1014
1009
1010
1011
1013
1012
1008
1004
1007
1005
1006
1027
1026
1024
1025
1023
1022
1028
999
1036
997
1030
1029
1000
1038
998
1037
1039
1035
1002
1031
1033
1032
1034
1001
1040
1041
1042
1043
1044
1045
1047
1046
1
2
3
4
5
6
7
8
9
10
11
12
13
14
15
16
17
18
19
20
21
22
23
24
25
26
27
28
29
30
31
32
33
34
35
36
37
38
39
40
41
42
43
44
45
46
47
48
49
50
51
52
53
54
55
56
57
58
59
60
61
62
63
64
65
67
68
69
70
71
72
73
74
75
76
77
78
79
80
81
82
83
84
85
86
87
88
89
90
91
92
93
94
95
96
97
98
99
100
101
102
103
104
105
106
107
109
110
111
112
113
114
115
116
117
118
119
120
121
122
123
124
125
126
127
128
129
130
131
132
133
134
135
136
137
138
140
139
141
142
143
144
145
146
147
148
149
150
151
152
153
154
155
156
157
158
159
160
161
162
163
164
168
169
165
166
167
170
171
172
173
174
175
176
177
178
179
181
182
183
184
185
186
187
188
189
190
191
192
193
194
195
196
197
198
199
199
200
201
202
203
204
205
206
207
208
209
210
211
212
213
214
215
216
217
218
219
220
221
222
223
224
225
226
230
231
229
228
227
232
232
237
234
235
233
238
236
282
280
288
284
283
278
290
279
287
281
297
295
286
291
298
299
300
301
285
296
292
289
294
293
232
239
255
258
259
254
253
237
241
234
242
257
235
256
247
252
248
240
233
243
244
246
238
236
251
250
249
265
270
274
273
277
302
268
267
271
275
303
266
264
272
276
269
263
261
262
260
304
305
306
307
308
310
315
320
312
321
317
316
314
309
311
319
318
323
322
313
324
325
326
327
328
329
330
331
332
333
334
335
336
337
338
339
340
341
342
343
344
345
346
347
348
349
350
351
352
353
354
355
356
357
358
359
360
361
362
363
364
365
366
367
368
369
370
371
372
373
374
375
376
377
378
379
380
381
382
383
384
385
386
387
388
389
390
391
392
393
395
394
396
397
398
399
400
401
402
403
404
405
406
407
408
409
410
411
412
413
414
415
416
417
418
419
420
421
422
423
424
425
426
427
428
429
430
431
432
433
434
435
436
437
438
439
440
442
443
444
445
446
447
448
449
450
451
452
453
454
455
456
457
458
459
460
461
462
463
464
465
466
467
468
469
470
471
472
473
474
475
476
477
478
479
480
481
482
483
484
485
486
487
489
490
491
492
493
494
495
496
497
498
499
500
501
502
503
504
505
506
507
508
509
510
511
512
513
514
515
516
517
518
519
520
521
522
523
524
525
526
527
528
529
530
531
532
533
534
535
536
538
539
540
541
542
543
544
545
547
546
548
550
551
552
553
554
556
557
558
559
560
561
562
563
564
565
566
567
568
569
571
570
572
573
574
575
576
577
578
579
580
581
582
583
584
