6961
6960
6962
6968
6963
6967
6966
6959
6969
6964
6974
6982
6986
6988
6989
6984
6993
6992
6971
6985
6978
6970
6991
6975
6995
6983
6987
6979
6976
6994
6973
6972
6996
6981
6977
6980
6965
6990
6958
7588
7816
7817
7460
7461
7177
7134
7762
7213
7167
7170
7194
7703
7234
7481
7804
7179
7118
7673
7126
7681
7081
7082
7662
7379
7020
7087
7747
7385
7032
7355
7336
7443
7621
7001
7008
7013
7016
7023
7025
7026
7028
7048
7079
7120
7086
7092
7216
7169
7482
7046
7047
7085
7198
7199
7210
7211
7183
7188
7129
7154
7242
7247
7251
7220
7221
7224
7226
7231
7270
7273
7277
7282
7292
7253
7256
7266
7314
7297
7298
7302
7303
7305
7306
7308
7342
7340
7339
7337
7332
7330
7365
7363
7360
7359
7358
7386
7372
7373
7375
7377
7380
7382
7383
7421
7425
7427
7406
7474
7447
7507
7508
7510
7515
7519
7488
7491
7538
7543
7544
7556
7523
7576
7581
7622
7625
7596
7597
7643
7711
7712
7688
7702
7708
7754
7756
7737
7738
7812
7017
7249
7408
7551
7602
7254
7156
7706
7458
7080
7257
7644
7671
7721
7698
7750
7649
7770
7774
7497
7496
7312
7223
7114
7429
7018
7301
7433
7790
7630
7668
7333
7784
7378
7393
7115
7003
7413
7291
7415
7371
7344
7593
7727
7731
7595
7800
7451
7432
7328
7084
7009
7057
7399
7514
7557
7235
7263
7517
7400
7353
7243
7202
7331
7409
7402
7578
7713
7789
7615
7654
7785
7660
7313
7348
7341
7054
7574
7055
7319
7693
6999
7284
7394
7641
7763
7753
7652
7490
7509
7131
7004
7265
7434
7542
7548
7549
7751
6998
7325
7190
7073
7805
7665
7030
7764
7148
7564
7529
7527
7279
7640
7686
7752
7152
7467
7322
7623
7525
7674
7222
7777
7323
7696
7522
7506
7066
7455
7767
7733
7572
7725
7289
7786
7755
7547
7361
7732
7505
7535
7125
7128
7500
7285
7391
7140
7645
7335
7041
7695
7679
7605
7435
7027
7814
7577
7794
7453
7189
7300
7788
7043
7074
7287
7726
7261
7439
7528
7329
7143
7105
7582
7138
7746
7392
7090
7116
7070
7705
7680
7483
7272
7765
7682
7462
7315
7722
7561
7663
7494
7521
7132
7186
7237
7035
7309
7267
7591
7516
7401
7389
7094
7065
7195
7350
7554
7296
7678
7173
7244
7613
7352
7418
7351
7236
7492
7568
7552
7290
7343
7021
7075
7083
7182
7318
7450
7112
7364
7051
7181
7714
7248
7111
7196
7163
7239
7250
7376
7225
7740
7438
7741
7193
7390
7797
7806
7749
7773
7280
7677
7470
7636
7430
7810
7778
7809
7807
7448
7562
7002
7744
7124
7569
7398
7012
7723
7782
7546
7772
7151
7110
7049
7735
7362
7586
7014
7414
7040
7288
7321
7456
7096
7262
7381
7063
7656
7233
7180
7667
7655
7766
7709
7629
7472
7316
7219
7796
7684
7575
7367
7240
7730
7530
7524
7479
7431
7258
7259
7485
7349
7019
7550
7745
7635
7446
7345
7007
7255
7692
7675
7811
7545
7781
7426
7411
7036
7717
7484
7227
7631
7743
7295
7718
7653
7278
7135
7412
7531
7579
7603
7758
7357
7454
7024
7787
7604
7252
7760
7757
7715
7716
7650
7769
7720
7553
7478
7029
7473
7739
7637
7419
7775
7719
7324
7218
7624
7666
7416
7299
7501
7512
7424
7334
7477
7320
7771
7628
7513
7113
7592
7228
7469
7185
7407
7558
7780
7396
7044
7000
7676
7487
7264
7395
7100
7761
7672
7700
7468
7463
7567
7748
7304
7634
7370
7056
7489
7651
7799
7664
7724
7659
7452
7311
7107
7388
7157
7209
7584
7042
7657
7062
7471
7570
7801
7560
7005
7053
7642
7281
7088
7144
7734
7571
7498
7204
7150
7136
7646
7563
7006
7184
7533
7537
7536
7813
7052
7534
7283
7307
7502
7728
7598
7694
7168
7149
7123
7590
7077
7245
7068
7187
7175
7130
7176
7147
7159
7795
7589
7076
7417
7526
7022
7699
7759
7127
7573
7326
7374
7091
7089
7137
7791
7449
7648
7707
7647
7310
7356
7580
7260
7271
7638
7617
7618
7620
7101
7423
7122
7158
7612
7704
7293
7011
7499
7217
7658
7633
7317
7504
7518
7793
7555
7354
7465
7384
7685
7232
7197
7594
7072
7206
7520
7404
7059
7142
7141
7099
7104
7436
7476
7050
7268
7162
7346
7387
7095
7616
7420
7670
7045
7200
7503
7069
7444
7442
7445
7585
7736
7286
7201
7208
7808
7669
7599
7600
7119
7493
7064
7276
7098
7097
7058
7117
7459
7437
7215
7214
7139
7109
7583
7768
7539
7475
7783
7203
7710
7093
7495
7010
7166
7165
7164
7532
7015
7246
7802
7172
7071
7422
7690
7697
7369
7060
7061
7161
7212
7486
7742
7818
7102
7347
7369
7060
7061
7161
7212
7486
7742
7818
7102
7347
7819
7587
7238
6997
7403
7683
7701
7145
7146
7241
7153
7174
7687
7294
7397
7034
7033
7067
7269
7464
7410
7457
7729
7031
7078
7614
7160
7108
7428
7327
7776
7798
7792
7103
7601
7661
7611
7609
7608
7610
7607
7178
7480
7632
7121
7191
7133
7440
7441
7229
7230
7639
7619
7691
7627
7037
7038
7039
7466
7815
7368
7803
7541
7540
7566
7565
7559
7366
7155
7338
7205
7207
7626
7779
7171
7274
7275
7405
7511
7606
7205
7207
7626
7779
7171
7274
7275
7405
7689
7106
7192
7821
7820
7822
7823
7824
7841
7192
8310
8239
8365
8366
8348
7845
7846
7847
8275
8132
8590
7921
8576
7898
7965
8558
8195
8197
8440
8037
8208
7936
7849
8286
7881
7871
7877
7854
7912
7889
7895
7945
7957
7928
7977
7978
7979
7983
7984
7990
7991
7993
7994
7959
7963
7966
7968
7969
7974
8021
8022
8024
8027
8030
8031
8033
8034
8036
8038
7999
8002
8010
8011
8012
8014
8015
8058
8059
8067
8068
8069
8070
8071
8075
8039
8040
8045
8046
8048
8049
8051
8053
8103
8104
8105
8107
8126
8127
8080
8081
8084
8085
8086
8089
8090
8118
8124
8122
8102
8100
8099
8136
8140
8138
8147
8168
8142
8149
8154
8155
8183
8180
8177
8176
8173
8200
8205
8191
8189
8222
8221
8216
8214
8243
8242
8234
8232
8231
8226
8259
8257
8253
8251
8249
8283
8281
8279
8276
8273
8271
7829
8302
8298
8293
8291
8290
8325
8318
8313
8333
8332
8331
8356
8355
8343
8374
8371
8363
8391
8382
8378
8412
8431
8438
8457
8449
8444
8443
8485
8474
8465
8464
8489
8537
8535
8534
8530
8566
8548
7842
8585
8582
8568
8110
8462
8545
8388
8294
8501
8395
8505
8498
8503
8384
7835
8364
8385
7958
8152
8235
8300
7937
7891
7920
7869
7821
8499
8292
8278
8357
8006
8452
8577
8083
8359
8358
8555
7985
8278
8357
8006
8452
8577
8083
8359
8358
8555
7985
8367
7907
7916
7973
8373
8587
8549
7904
8584
7987
7939
7948
7972
8116
7858
7863
7951
8287
8369
8423
8494
8509
7826
8220
8469
8282
8381
7832
8326
8335
7897
7851
7820
8396
8429
8233
8523
8404
8516
7834
7836
8496
8538
8288
7890
7874
8575
8020
7935
7905
7900
7872
7856
7938
8345
8415
8424
8148
8087
7930
8500
8352
8340
8307
8416
8417
8411
8346
8178
8016
8403
8151
7908
8553
8299
8159
8432
7866
8573
8459
8153
8088
8546
8347
7952
7944
8000
8392
8133
7946
8506
8375
8376
8350
7986
8386
8368
7831
8297
8192
8035
8448
8383
7980
7864
7903
7901
7989
8063
8551
8361
8264
8026
8569
8311
7888
7883
7964
7880
8017
8181
8511
8451
8413
7822
8557
8317
8204
8001
7878
8137
8139
7962
8514
8277
8013
7848
8330
8354
7857
8430
7910
7909
8336
7828
8528
8445
8517
8550
7924
7887
8095
8519
8182
8245
8402
7853
7867
8135
8446
8305
7956
7931
8237
8508
7852
8572
8324
8486
8393
8305
7956
7931
8237
8508
7852
8572
8324
8486
8393
7915
8028
8209
7981
8414
8218
7923
7825
7918
7995
8314
8129
8263
8504
7868
8460
8502
7823
7860
7899
8055
8342
7906
8236
8473
8492
8547
8428
8268
8341
8482
8179
7941
7932
8261
8510
8520
8005
7838
8308
8394
8054
8109
8076
7833
8461
8372
8064
8529
8527
8581
8032
8240
8427
8422
7943
8128
8466
8323
7885
8400
8144
8061
8106
8091
8145
7865
7982
8065
8062
7875
7876
7824
8041
8093
8198
8196
8262
8238
7934
8515
8441
8362
8162
8156
8296
8556
7942
8410
8043
8260
8526
8174
8531
8072
8319
7914
8477
8552
8463
8114
7992
8052
8532
8066
8447
7837
8115
8567
8455
8267
8344
8475
7879
8353
7988
8079
8334
8442
8433
8256
8284
8418
8586
7862
8380
8387
8230
8554
7870
8351
8329
8337
8003
8349
7873
8255
8328
8421
8047
7861
8454
7955
8338
8029
8570
7859
7954
8094
8246
8219
8077
8522
7998
8507
7892
8309
7976
8223
8401
8117
7917
7953
8389
8574
7884
8370
8426
8224
8390
8185
8056
8186
8295
8513
8050
7926
8481
8121
8158
8184
8199
7950
8125
7933
7927
8060
8490
7947
8044
8097
8131
8146
8210
8241
8265
8280
8092
8397
8143
8141
8312
8536
7839
8525
8524
8315
8339
8228
8190
8201
8108
7830
8025
8269
8161
7919
8487
8407
8175
8248
8398
8303
8225
8082
8541
8539
8377
8215
7975
8247
8272
7929
8042
8130
8518
7997
8491
8483
8321
8322
7925
8213
8493
8150
8203
8023
8217
8521
8018
7902
8274
8478
7850
7911
8379
8250
7940
8157
8113
7970
8160
8270
8434
8399
8588
8164
8163
8258
8559
8542
7886
8266
8439
8579
8405
8580
8112
8578
8512
7893
8019
8301
8583
8167
8166
8169
8467
7913
7844
8170
8484
8425
8120
8488
8589
8316
8211
8096
7827
8057
8193
8194
8304
8562
8533
8563
8134
7922
8101
8437
8229
7996
8320
8285
8436
8456
8187
8165
8470
8468
8471
8472
8453
7971
8406
8476
8098
7949
8188
8123
8450
7894
8073
8074
8458
8435
7882
8360
8004
8561
8560
8244
7840
8564
8565
8495
8497
8306
8227
8007
8008
8009
7855
8479
8480
8571
7967
8206
8207
8419
8408
8540
8119
8078
8591
7960
7961
7843
7896
8420
8212
8409
8289
8252
8111
8327
8254
8544
8543
8202
8171
8172
8592
8593
8595
8596
8597
8599
8599
8601
8603
8604
8606
8607
8608
8609
8611
8612
8613
8614
8617
9008
8940
8943
8944
8700
8967
8939
8945
8950
8756
8922
8794
8686
8910
8890
8889
8887
9004
8908
8986
8781
8718
8807
8740
8766
8990
8663
8994
9057
8811
8721
8822
8810
9019
8961
8928
8960
8981
8979
8876
8877
8834
8833
8903
8684
8737
8738
8735
8865
8837
8838
8839
8840
9074
9072
9015
8872
9060
9030
9025
9047
9048
9052
9017
8959
8974
8930
8975
8931
8896
8880
8832
8895
8881
8731
8748
8741
8742
8743
8850
8851
8852
8853
8854
8765
8767
8770
8771
8772
9046
9053
9054
9044
9055
8942
8948
8672
8671
8670
8668
8667
8803
8802
8800
8815
8817
9065
9068
8773
8777
8778
8779
8780
9012
9043
9056
9042
9011
8984
8985
8987
8988
8989
8829
8904
8905
8906
8907
8818
8820
8821
8921
8920
8714
8712
8711
8710
8708
8924
8923
8962
8963
8964
9002
9003
8836
8835
8867
8665
8674
8675
8676
8677
8918
8917
8856
8857
8858
9062
8813
8719
8824
8823
8812
9071
8759
8760
8761
8762
8764
9014
9031
9029
9027
9026
8957
8932
8956
8933
8982
8894
8831
8893
8883
8830
8744
8746
8747
8749
8750
8753
8754
8755
8757
8758
8782
8783
8784
8698
8697
9010
9058
9009
9040
9059
8934
8954
8935
8953
8999
8909
8884
8891
8885
8828
8664
8662
8661
8660
8659
8696
8695
8694
8692
8691
9007
9032
9033
9035
9036
8998
8997
8996
8995
8991
8827
8916
8914
8913
8912
8658
8656
8751
8788
8789
8787
8785
8728
8729
8707
8706
8705
8703
8702
8965
8966
8969
8970
8927
8869
8870
8871
8873
8874
8678
8680
8681
8682
8683
8859
8860
8861
8862
8863
8955
8786
8699
8882
9034
8875
8958
8776
8847
8690
8816
8739
8752
8915
9073
8669
8968
8722
8879
9000
9067
9037
8866
8937
8797
8926
8693
8980
8736
8978
8679
8868
8673
8792
9023
8666
8864
8745
9041
8901
8763
9050
8938
9045
9028
8709
8704
8919
8855
9001
8689
8688
8716
8715
9039
9006
9038
9005
8925
8992
8936
8952
8993
8951
8892
8790
8791
8793
8805
8804
8809
8723
8798
8808
8725
9018
9020
9021
9022
9024
8977
8976
8971
8973
8929
8902
8900
8899
8898
8897
8734
8733
8732
8717
8730
8841
8845
8846
8848
8849
9063
9066
8701
8799
8826
8825
8845
8846
8848
8849
9063
9066
8701
8799
8826
8825
8814
8796
8726
8806
8727
8795
9064
8720
8685
8886
8888
8638
8639
8640
8642
8634
8643
8644
8645
8636
8641
8651
8628
8652
8655
8654
8629
8632
8630
8631
8635
8911
8633
8653
8650
8649
8647
8648
9061
8646
8687
8946
8972
9013
8947
8625
8769
8768
8623
9049
8621
8627
8626
8624
8622
8620
8619
8775
9016
8941
8878
8949
9069
8801
8819
8842
8843
8844
8637
8713
8774
9070
8983
9051
8724
8657
9382
9420
9502
9506
9360
9481
9134
9136
9340
9416
9169
9193
9496
9554
9555
9510
9118
9192
9178
9179
9524
9446
9413
9593
9627
9508
9209
9264
9262
9505
9329
9119
9117
9369
9206
9501
9500
9210
9241
9557
9380
9186
9370
9362
9603
9094
9332
9499
9503
9187
9189
9190
9191
9431
9366
9365
9364
9363
9361
9127
9128
9129
9131
9133
9078
9079
9081
9082
9083
9547
9546
9544
9543
9495
9198
9199
9201
9202
9205
9335
9334
9333
9330
9324
9317
9219
9327
9328
9633
9097
9098
9099
9096
9103
9482
9479
9478
9475
9474
9214
9215
9397
9396
9394
9313
9312
9310
9309
9307
9654
9653
9651
9650
9649
9110
9112
9113
9114
9115
9101
9156
9157
9158
9159
9400
9194
9195
9196
9260
9261
9339
9337
9336
9648
9619
9614
9613
9612
9116
9540
9539
9538
9536
9160
9162
9163
9164
9466
9497
9498
9589
9588
9587
9586
9585
9225
9228
9229
9230
9277
9276
9275
9274
9273
9626
9625
9624
9623
9622
9529
9602
9600
9599
9598
9523
9618
9480
9634
9434
9170
9173
9174
9175
9176
9237
9238
9239
9240
9242
9132
9154
9122
9123
9124
9642
9641
9640
9639
9077
9553
9552
9551
9550
9549
9548
9458
9457
9456
9455
9454
9180
9183
9185
9244
9245
9246
9368
9367
9615
9617
9658
9656
9655
9104
9105
9106
9107
9108
9473
9472
9471
9469
9165
9578
9577
9576
9574
9573
9393
9392
9391
9390
9388
9304
9303
9302
9301
9300
9611
9610
9608
9606
9605
9535
9534
9533
9531
9530
9453
9452
9450
9448
9447
9572
9570
9569
9568
9567
9387
9386
9385
9384
9383
9298
9297
9294
9293
9292
9604
9638
9636
9637
9635
9522
9520
9519
9518
9442
9441
9440
9439
9415
9417
9409
9407
9247
9248
9249
9251
9252
9149
9150
9152
9153
9381
9584
9583
9581
9580
9075
9231
9232
9233
9234
9235
9270
9269
9284
9289
9325
9620
9646
9645
9644
9643
9597
9596
9595
9592
9476
9200
9628
9151
9130
9295
9532
9427
9647
9545
9224
9172
9236
9389
9601
9338
9514
9109
9507
9288
9537
9226
9609
9423
9571
9306
9492
9563
9444
9470
9255
9483
9582
9311
9435
9575
9314
9354
9089
9460
9080
9579
9141
9100
9111
9616
9621
9341
9076
9161
9399
9395
9590
9408
9449
9278
9657
9299
9343
9266
9243
9594
9521
9145
9652
9263
9349
9271
9376
9403
9566
9565
9564
9562
9561
9379
9378
9377
9375
9374
9291
9290
9287
9286
9285
9632
9631
9630
9629
9517
9516
9515
9512
9511
9438
9437
9436
9433
9459
9504
9430
9429
9428
9426
9425
9359
9358
9357
9356
9355
9135
9137
9138
9139
9140
9084
9085
9086
9087
9088
9494
9493
9491
9490
9489
9207
9208
9211
9212
9213
9323
9319
9318
9316
9315
9250
9305
9451
9167
9168
9353
9352
9351
9350
9348
9142
9143
9144
9146
9148
9090
9091
9092
9093
9095
9488
9487
9486
9485
9484
9560
9559
9558
9556
9591
9373
9372
9371
9216
9223
9424
9422
9421
9419
9418
9347
9346
9345
9344
9342
9509
9406
9405
9404
9402
9401
9253
9256
9257
9258
9259
9283
9282
9281
9280
9279
9308
9525
9445
9177
9227
9184
9155
9267
9197
9331
9204
9528
9527
9526
9432
9398
9412
9410
9411
9268
9166
9326
9125
9147
9321
9322
9542
9541
9320
9465
9467
9468
9120
9443
9188
9265
9414
9272
9203
9217
9218
9220
9221
9222
9607
9513
9171
9477
9461
9462
9463
9464
9102
9254
9121
9181
9182
9296
9126
9660
9659
9661
9662
9663
9664
9665
9666
9667
9668
9669
9670
9671
9672
9673
9674
9675
9676
9677
9678
9679
9680
9681
9682
9683
9684
9685
9686
9687
9688
9689
9690
9691
9692
9693
9694
9695
9699
9697
9700
9696
9698
9704
9705
9703
9702
9706
9707
9708
9709
9711
9716
9712
9710
9714
9713
9717
9718
9719
9720
9721
9722
9723
9724
9725
9726
9727
9728
9729
9730
9731
9732
9733
9734
9735
9736
9737
9738
9739
9740
9741
9743
9742
9744
9745
9746
9747
9750
9749
9748
9751
9752
9753
9754
7
14
16
20
23
22
15
5
3
29
26
19
32
21
25
33
31
13
10
24
28
2
30
6
63
27
12
9
4
11
17
8
39
41
45
48
61
50
52
60
40
51
59
57
58
37
35
56
49
1
62
46
44
43
42
53
36
55
38
54
47
81
82
69
80
85
84
83
67
79
77
72
74
70
71
68
75
76
78
65
66
64
73
86
87
88
89
90
95
101
98
92
102
104
105
106
100
94
99
103
93
91
97
96
107
108
126
186
140
191
173
176
175
188
179
183
137
178
180
181
187
130
129
171
169
125
138
190
168
144
139
143
133
135
145
177
136
182
141
142
184
185
172
174
132
124
127
192
122
170
123
193
134
131
128
189
215
205
212
216
146
210
147
199
211
200
203
148
196
152
202
150
159
207
201
206
151
162
156
158
166
165
157
208
204
194
195
164
160
198
167
209
153
154
155
217
214
163
161
149
213
197
113
112
109
118
111
116
110
115
120
119
121
117
114
218
221
223
222
220
219
224
234
226
237
233
239
240
230
235
241
245
238
236
231
232
246
229
242
243
225
228
244
227
258
257
260
259
252
253
254
255
256
249
251
250
247
248
261
262
263
264
265
266
267
268
269
270
271
272
273
274
278
275
279
277
276
280
281
282
283
284
285
286
289
287
291
290
288
292
293
300
299
304
297
301
294
295
303
302
298
306
305
296
315
311
309
308
310
318
319
325
316
343
347
321
328
312
307
335
336
340
341
342
320
323
326
327
329
330
333
344
346
324
351
361
354
360
357
358
359
353
320
323
326
327
329
330
333
344
346
324
313
314
362
317
322
332
345
348
349
352
334
356
355
331
363
365
366
367
368
369
371
372
373
374
375
376
377
378
379
380
381
382
383
384
385
386
387
388
389
390
391
392
394
395
396
397
398
399
400
401
402
403
404
405
406
407
409
414
413
421
420
415
410
411
416
418
408
412
417
419
422
423
424
425
426
427
428
429
430
431
432
433
434
435
436
437
438
439
440
441
442
443
444
445
446
447
448
449
450
451
452
453
454
455
456
457
468
459
462
461
463
460
467
471
466
464
470
465
469
458
472
473
474
475
476
477
478
479
480
481
482
483
484
485
486
487
488
489
490
491
492
493
494
495
496
497
498
499
500
501
502
503
504
507
505
509
510
516
517
512
515
506
508
513
519
518
520
521
522
523
524
525
530
532
531
528
526
527
529
533
534
535
536
539
540
537
538
541
542
543
544
545
546
547
548
