1
3
5
7
14
11
9
13
17
19
20
23
25
26
27
29
30
33
34
37
38
39
44
46
48
49
52
53
56
59
58
62
64
65
1
2
3
4
5
6
7
8
9
10
11
12
13
14
15
16
17
18
19
20
21
22
23
24
25
26
27
29
30
31
32
33
34
35
36
38
37
39
40
41
42
43
44
47
49
48
50
46
51
52
53
54
55
56
57
58
59
60
61
62
63
64
65
66
67
68
69
70
71
72
73
74
75
76
77
78
79
80
81
82
83
84
85
86
87
88
89
90
91
92
93
94
95
96
97
98
99
100
101
102
103
104
105
106
133
110
120
126
130
116
123
121
122
118
125
115
128
127
132
117
131
112
108
107
111
119
113
109
129
124
114
144
141
142
143
146
148
149
137
145
135
150
151
134
140
138
147
136
139
152
157
155
153
154
159
168
169
164
163
171
161
165
167
160
158
170
173
172
166
162
177
178
176
174
175
179
181
182
183
184
185
186
187
188
190
192
194
193
233
234
232
223
202
221
230
199
225
237
205
228
213
200
231
197
216
211
209
215
208
222
224
246
195
207
219
229
241
243
242
244
248
245
204
247
217
236
226
235
240
239
238
250
249
252
255
257
251
253
254
256
258
262
264
260
269
263
267
259
261
266
265
268
274
286
279
275
285
277
306
271
304
278
289
293
291
292
296
294
300
295
301
288
290
287
280
270
272
302
307
315
316
326
325
327
324
323
305
322
321
320
318
317
282
281
276
303
273
299
313
312
310
284
314
297
311
309
308
298
319
330
328
331
329
332
335
333
334
354
346
366
365
350
358
347
356
357
355
348
344
351
352
349
360
353
367
361
368
339
343
341
342
370
369
362
371
336
337
372
359
340
364
338
375
373
376
377
378
379
380
381
382
383
384
385
386
387
388
389
390
391
392
393
394
395
396
397
398
399
400
401
402
403
404
405
406
407
408
409
410
411
412
413
414
415
416
417
418
419
420
421
422
423
424
425
426
427
428
429
430
431
432
433
434
435
436
437
438
439
440
441
442
443
444
445
446
447
448
449
450
451
452
453
454
455
456
460
458
457
465
464
469
462
466
467
463
468
461
459
471
470
475
478
473
472
477
484
485
482
481
480
483
486
479
476
474
491
489
490
488
487
493
503
500
499
498
495
497
502
494
492
504
501
496
505
506
507
508
509
510
511
512
513
514
515
516
517
518
519
520
521
522
523
524
525
527
529
526
528
531
532
535
539
551
555
538
556
540
559
557
560
541
554
537
548
546
545
547
544
552
553
536
543
550
558
542
549
534
530
567
570
564
565
569
566
568
533
563
562
561
571
572
574
575
576
577
578
579
580
581
582
583
584
585
586
587
588
589
590
591
592
593
594
595
596
597
599
604
600
602
603
605
606
601
598
607
609
612
611
610
631
619
637
615
638
625
623
620
629
624
630
621
626
627
622
632
616
628
641
633
642
645
618
614
617
636
643
644
634
613
635
639
646
647
648
649
650
653
654
655
656
657
664
661
666
663
665
670
667
673
668
674
660
662
658
659
675
672
669
671
676
677
678
679
680
681
682
683
685
684
686
687
688
690
689
692
691
693
695
694
696
697
699
700
701
702
703
704
705
