1
2
3
4
5
6
7
12
9
11
8
10
13
14
15
16
17
19
18
20
21
22
23
24
25
26
27
28
29
30
31
32
33
34
35
36
37
38
39
40
41
43
42
44
45
46
47
48
49
50
51
52
53
54
55
56
57
58
59
60
61
62
63
64
65
66
67
68
69
70
71
72
73
74
75
76
77
78
79
80
81
82
83
84
85
86
87
88
89
90
91
92
93
94
95
96
97
98
99
100
101
102
103
104
105
106
107
108
109
110
111
112
113
114
115
116
117
118
119
120
121
122
123
124
125
126
127
128
129
133
132
131
130
134
135
136
137
138
139
140
141
142
143
144
145
146
147
148
149
150
151
152
153
154
155
156
157
158
159
165
170
163
164
166
167
169
160
162
168
171
161
172
174
175
173
176
177
178
179
180
181
182
183
185
184
186
187
188
189
1
3
5
6
4
7
8
9
10
11
12
13
14
15
16
17
18
21
19
20
22
24
23
26
25
28
27
29
30
31
32
35
34
33
38
37
42
41
39
40
36
45
44
43
46
47
48
49
50
51
52
53
54
55
56
57
58
59
60
61
62
64
63
65
66
67
68
69
70
71
88
80
92
78
91
77
93
82
76
84
75
89
87
86
90
85
74
79
81
73
83
96
94
95
97
72
98
99
100
101
102
103
104
105
106
107
108
109
110
111
112
113
114
115
116
117
118
119
120
121
122
123
124
125
126
127
128
129
130
131
132
133
134
135
136
140
137
139
138
141
142
143
148
155
145
151
157
147
153
154
160
146
152
150
149
158
156
144
159
161
163
162
167
164
165
166
168
169
170
171
172
173
174
175
176
177
178
180
181
183
182
184
185
186
187
190
196
195
197
192
189
188
191
193
194
198
209
205
211
203
204
206
210
208
212
199
202
200
201
213
214
215
217
218
216
220
221
222
225
227
226
228
224
223
229
230
231
233
234
235
232
237
236
238
247
246
245
250
244
240
242
243
239
248
249
241
238
251
252
253
254
255
256
257
259
260
261
262
263
264
265
266
267
269
268
270
271
272
273
274
276
275
277
278
279
280
281
282
283
284
285
286
287
288
289
290
291
292
293
301
304
300
303
305
299
302
306
308
294
295
296
297
298
307
309
310
311
312
313
314
315
316
317
318
319
320
321
322
323
324
325
326
327
328
329
330
331
332
333
334
335
336
337
338
339
340
341
342
343
344
345
346
347
348
349
350
351
352
353
354
355
356
357
358
359
360
361
362
363
364
365
366
367
368
369
370
371
372
373
374
375
376
377
378
379
380
381
382
383
384
385
386
387
388
389
390
392
393
394
395
396
397
398
399
400
401
402
403
404
405
406
407
408
409
410
411
412
413
414
415
416
417
418
421
419
420
422
423
424
425
426
427
428
433
439
432
430
435
429
434
431
436
437
438
440
444
446
442
443
448
445
441
447
449
450
451
452
453
455
454
