2
3
1
4
5
6
7
8
9
10
11
12
13
14
15
16
17
18
19
20
21
22
23
24
25
26
27
28
29
30
31
32
33
34
35
36
37
38
39
40
41
42
43
44
45
46
47
48
49
50
51
52
53
54
55
56
57
58
59
60
61
62
64
63
65
66
67
68
69
70
72
71
73
74
75
76
77
78
79
80
81
82
83
84
85
86
87
88
89
90
91
92
93
94
95
96
97
98
99
100
101
102
103
104
105
106
107
108
109
110
111
112
113
114
115
116
117
118
119
120
121
122
123
124
125
776
774
923
215
777
733
660
572
304
373
382
798
799
400
401
402
605
497
915
217
370
705
702
489
380
816
209
161
347
672
1010
1264
1373
1059
1057
1058
1672
1115
1545
1666
2003
2005
2004
2133
2259
1871
2237
2238
2144
2145
2688
2945
2566
2567
2565
2380
2879
2727
2884
2885
2646
2645
2644
2642
2643
2732
2774
3002
3001
3003
3004
2627
2601
2640
2641
2638
2639
3115
3114
2537
2530
3021
2549
2352
2570
2569
2572
2571
2350
2348
2349
2518
2519
2517
2453
2992
2990
3117
3116
3038
3037
2589
2591
2469
2837
3121
2588
2590
2886
2614
2615
3103
3102
3100
3099
3101
2449
2959
3093
3094
3092
3096
3095
2887
2465
2466
2856
2816
2817
2432
2908
2909
2933
3053
2576
2828
2829
2620
2413
2597
2396
3040
2509
2353
2418
2946
3042
2914
3054
2583
2962
2541
2952
2861
2883
2744
2735
2769
2719
2420
2337
2452
2448
2782
3049
2852
2506
2440
2596
2928
2404
2951
3076
2939
2786
2497
2785
2838
2626
2580
3048
2756
2821
2360
2745
2929
2988
3073
2911
3026
2994
2540
2832
2965
2963
2581
3025
3028
2813
2907
2763
2753
2976
2950
2857
2635
2981
2987
2554
2450
3082
2695
2771
3039
2525
3031
2864
2632
2392
2906
2802
2713
2523
2399
2810
2405
2860
2692
2784
2500
2611
2653
2461
2475
2443
2997
2456
2819
2679
2880
2804
2873
2667
2593
2731
2697
2840
2442
2898
2379
2897
2474
2487
2663
2342
2419
2485
2892
2410
2436
3088
2425
2850
2931
2835
2402
2669
2891
2780
2899
2910
2820
2851
2863
3119
2825
2556
2842
2761
2361
2793
3052
2372
2470
2818
3113
3066
2905
2516
2354
2680
2545
2932
2935
2694
2847
3011
3077
3078
2996
2393
2985
2395
2384
2385
2716
2853
3075
2750
2628
2723
2811
2529
2736
3108
2878
2335
2478
2347
3098
2403
2504
2916
2751
2881
2717
2390
2336
2560
2791
2502
3086
3058
2870
2728
2454
2422
2781
2592
2503
2803
2634
2557
2513
2815
2848
2621
2431
2796
2480
2720
2767
2505
2759
2814
2439
2375
2854
2843
2718
2447
2460
2783
2486
2724
2737
2334
2524
2499
2363
2809
2729
2407
2411
2477
2373
2472
2512
2389
2508
2936
2464
2762
2766
2623
2365
2722
2444
2377
2362
2409
2463
2471
2752
2699
2714
2507
2473
2445
2479
2738
2734
2374
2675
2455
2501
2900
2701
2489
2739
2339
2346
2476
2343
2344
2690
2726
2340
2662
2467
2528
2437
2496
2490
2484
2498
2800
2539
2805
2364
2671
2629
2624
2618
2622
2612
2670
2654
2652
2568
2650
2677
2743
2674
2673
2672
2401
2408
2668
2660
2657
2388
2421
2391
2417
2394
2426
2383
2424
2387
2423
2376
2378
2433
2430
2381
2370
2441
2371
2435
2434
2700
2366
2367
2368
2369
2555
2604
2953
2995
2967
2356
2833
2787
3029
2801
2747
2548
2400
3090
2968
2715
2416
2649
3097
2901
3120
2973
2858
2482
2846
2949
3109
3084
3112
2940
2975
2937
2446
2797
3035
2600
3060
2890
3012
2630
2841
2924
3061
2794
2655
2877
2547
2550
2923
2775
2869
2338
2944
2459
3069
2938
2926
2876
2875
2514
2862
3047
2689
2685
2687
2534
2686
2531
2533
2957
3074
2989
2776
2917
3104
3107
2532
2807
3041
3014
2970
2755
3027
2795
2740
2971
2972
2757
2462
3010
2332
2845
2808
2544
3123
2691
3122
2760
2398
2386
2616
2871
2397
2974
2631
2982
2758
3111
3018
2978
2406
2895
2894
2893
2896
2526
2527
2930
2610
2609
2605
3043
3044
3006
2693
2882
2779
2991
2707
2613
2922
2559
3056
2768
3051
3124
2773
2587
2586
2947
3009
2824
3016
2725
2983
2428
2888
2889
2920
2855
2493
2492
2491
2772
2521
2522
2520
2706
2705
2619
2427
2511
2659
2954
2684
2770
3079
2412
3110
2742
2902
2789
2826
2357
2358
2359
2561
2563
2564
2562
2836
2333
3118
2457
2696
2553
2948
2494
2438
2574
2573
2575
2934
3127
3128
2964
2777
2969
2546
2551
2552
2980
2942
2943
2599
2598
2651
3133
3135
3015
3129
3130
3131
3132
3137
2749
2594
2595
2658
3126
2955
2956
2830
3136
2665
2666
2515
3091
2859
2866
2741
3134
2874
3105
2823
2844
2633
2429
2606
2607
2608
2998
2999
3020
3024
2542
2721
3065
3089
3083
2827
2451
3070
3017
3046
2748
3036
2834
2927
2483
2921
2543
2798
2799
3067
2831
2617
2458
2822
2790
2764
2765
2730
3032
3033
3034
3023
2710
2711
2712
2538
2481
3022
3013
3071
2966
2872
3087
3045
3030
2868
2984
3085
2702
2703
2704
2993
2849
2676
3072
2977
2733
2341
3106
2754
3068
2488
2579
2577
2578
2584
2345
2678
2915
2625
2904
2788
2355
3080
3081
2986
2664
2558
2382
2925
2648
2647
3057
2415
2919
2918
2778
3007
3008
3005
2709
2708
3050
2582
3000
2812
3019
2912
2913
2414
2656
2941
2351
2979
2661
2806
3064
3062
3063
2903
2637
3059
2510
2535
2536
2960
2839
2961
2746
3055
2495
2681
2682
2683
2636
2585
2958
3125
2602
2603
2468
2867
2865
2792
2698
2125
2297
1899
2043
2292
2199
1930
1875
2236
2235
1816
2190
1873
2269
2119
2162
2114
2195
2232
2025
2198
2321
2267
1901
1896
2282
2116
1846
1863
1866
2115
2248
2244
2307
2293
2277
1966
2298
2121
2016
2319
1840
2311
1845
2287
2324
2098
1872
1837
1821
1824
1860
1923
1820
2172
2117
2104
1832
1924
1848
1814
1852
1815
1826
2127
2111
1865
1864
2118
1827
1843
1822
1828
2320
2315
2247
2310
2272
2268
2295
2288
2278
2283
2291
2264
2242
2279
2256
2265
2260
2258
2252
2257
2254
2261
2275
2316
2314
2312
2309
2306
2308
1853
2177
2087
2317
2323
1870
2325
2322
1825
1819
1836
2171
1834
2227
1862
2131
2126
2225
2240
2243
1849
2234
2231
2241
1869
2281
2194
2163
2124
1812
2134
2107
2014
2012
2013
2109
2187
2002
2035
2189
2175
2083
1868
2099
2180
2030
1842
2132
2169
2009
2274
2184
1817
2230
2249
2137
2018
1992
2007
2008
2028
2011
2027
1970
2034
2037
2299
1811
1874
1967
1838
1839
2080
2041
2052
2026
2006
2010
2015
1993
1994
1968
1990
1881
2001
1987
1888
2140
2084
2097
2300
2173
2270
2253
2164
2138
2149
2031
2136
2193
2166
2105
1995
2036
2032
2019
1886
1969
2048
2047
2039
2017
2029
1972
2020
2304
2302
2301
2191
2271
2239
1833
1829
2294
1859
2151
1835
1808
2305
1841
2053
2081
2056
2055
2079
2078
2077
2040
2051
2023
2021
1884
1885
1887
1989
1974
1975
1973
1986
1991
2000
1999
1998
1997
1996
2128
2160
2086
2168
2110
1855
2181
2153
2157
1880
1876
2101
2033
2092
2303
2130
2135
1823
1893
1883
2024
2058
2050
2049
2076
2075
2071
1889
2057
2046
2069
2070
2044
2045
1892
2038
2122
2059
2060
2061
2062
2063
2064
2067
2066
2065
1895
2042
2054
2179
2224
2223
2285
2290
1985
1882
1971
1891
2074
2073
2022
1890
2120
2150
1898
1929
1982
1979
1976
2096
2147
1847
2152
2284
2091
2176
2090
2289
1897
2142
2330
2255
2331
2088
2329
2229
2228
2089
2318
2280
1818
2161
2154
1844
2327
2328
2106
2141
2326
1858
2276
2158
2245
2246
2273
1942
1830
1831
2085
2093
2094
2095
2183
2185
2143
2186
1861
1894
1915
2286
2192
2139
2262
2263
1913
1911
1910
1909
1944
1961
1962
1954
1907
1906
1935
1905
1947
1918
1927
1921
1916
1914
1912
1908
1956
1946
1948
1943
1939
1938
2123
2313
1981
1984
1980
1983
2108
1957
1928
1977
1978
1936
1965
1959
1958
1902
1810
2170
2146
1809
1937
1856
2178
1949
1941
1903
1922
2167
1917
2103
2102
1932
2250
2072
2156
1854
2204
2159
2165
2226
1955
1926
1952
1934
1904
2222
2205
1900
2196
2082
1851
1850
1879
2112
1933
1931
1951
1945
1963
1953
1919
2155
1877
1878
1867
1813
2100
2266
1925
1950
2182
1964
2068
1920
2113
1960
2188
2233
2202
2214
2203
2215
2210
2209
2206
2213
2211
2219
2174
2221
2217
2220
2212
2201
2197
2216
2218
2200
2207
2208
2129
1940
1988
1857
2148
2296
2251
1731
1419
1417
1415
1416
1316
1317
1318
1258
1257
1411
1412
1413
1414
1702
1705
1401
1402
1109
1111
1110
1108
1527
1011
1012
1433
1434
1429
1435
1432
1430
1431
1428
1042
1041
1589
1720
1567
1756
1510
1397
1797
1798
1198
1199
1196
1197
1526
1350
1351
1345
1344
1346
1292
1497
1259
1643
1036
1502
1311
1040
1033
1651
1506
1285
1062
1003
1495
1501
1206
1307
1308
1091
1303
1301
1737
1182
1175
1060
1088
1089
1090
1063
1657
1640
1234
1235
1236
1621
1686
1177
1222
1229
1231
1691
1687
1748
1689
1747
1741
1692
1743
1744
1745
1738
1707
1701
1740
1695
1764
1763
1762
1803
1804
1791
1794
1792
1766
1796
1451
1452
1453
1768
1789
1446
1454
1448
1449
1450
1606
1601
1493
1496
1480
1613
1612
1486
1611
1478
1617
1479
1616
1614
1470
1476
1676
1685
1684
1464
1469
1683
1755
1170
1054
1213
1146
1192
1112
1788
1290
1254
1169
1494
1215
1564
1149
1475
1004
1176
1708
1688
1232
1087
1769
1628
1781
1484
1584
1086
1580
1590
1158
1620
1471
1291
1600
1742
1156
1250
1522
1379
1644
1717
1173
1366
1682
1482
1677
1680
1561
1221
1383
1151
1230
1693
1238
1388
1219
1174
1122
1485
1599
1223
1445
1331
1330
1520
1365
1547
1374
1716
1064
1189
1006
1483
1465
1626
1765
1700
1801
1477
1783
1746
1555
1615
1099
1694
1541
1528
1673
1241
1013
1758
1531
1732
1233
1305
1037
1767
1045
1474
1790
1102
1663
1802
1534
1641
1447
1778
1396
1154
1332
1103
1214
1472
1559
1795
1188
1299
1297
1015
1309
1009
1014
1024
1021
1031
1007
1030
1027
1029
1044
1002
1032
1596
1597
1598
1593
1594
1515
1516
1595
1256
1582
1585
1591
1588
1085
1107
1246
1252
1255
1668
1671
1619
1078
1080
1629
1627
1665
1667
1675
1639
1658
1638
1637
1664
1652
1655
1642
1462
1759
1457
1460
1757
1459
1455
1761
1456
1806
1581
1521
1525
1530
1574
1573
1548
1579
1540
1563
1565
1553
1570
1550
1723
1724
1734
1556
1786
1713
1715
1718
1719
1289
1771
1780
1782
1212
1216
1240
1209
1208
1117
1200
1239
1242
1244
1121
1120
1114
1116
1157
1164
1190
1193
1119
1160
1171
1159
1093
1047
1195
1735
1492
1504
1245
1498
1220
1728
1729
1336
1730
1207
1382
1165
1354
1503
1529
1118
1537
1538
1298
1035
1267
1166
1167
1517
1618
1295
1296
1645
1646
1468
1539
1155
1647
1378
1463
1353
1005
1467
1016
1050
1360
1361
1551
1549
1508
1018
1557
1805
1807
1381
1369
1604
1438
1536
1535
1194
1558
1300
1302
1253
1659
1660
1034
1362
1363
1315
1334
1314
1202
1203
1690
1310
1201
1286
1533
1569
1571
1568
1079
1560
1205
1204
1039
1038
1509
1437
1436
1408
1389
1180
1770
1294
1293
1150
1523
1524
1733
1191
1608
1607
1609
1610
1287
1288
1324
1323
1333
1130
1133
1135
1136
1049
1368
1410
1051
1048
1052
1053
1726
1727
1139
1793
1143
1144
1145
1140
1141
1142
1226
1505
1630
1631
1632
1633
1634
1635
1636
1284
1276
1697
1698
1751
1752
1753
1754
1749
1750
1532
1380
1168
1356
1357
1358
1187
1153
1760
1248
1249
1217
1423
1377
1178
1384
1562
1725
1227
1699
1320
1392
1395
1393
1391
1394
1348
1347
1343
1349
1466
1271
1269
1247
1251
1262
1263
1265
1575
1576
1577
1025
1023
1026
1650
1210
1211
1552
1113
1519
1736
1313
1511
1127
1128
1125
1126
1129
1092
1147
1098
1163
1100
1101
1066
1067
1068
1069
1325
1326
1327
1322
1387
1364
1082
1081
1065
1266
1083
1056
1586
1587
1444
1443
1439
1442
1440
1441
1355
1703
1704
1706
1784
1785
1592
1696
1237
1709
1710
1711
1712
1131
1132
1134
1172
1670
1228
1043
1179
1306
1094
1084
1270
1554
1418
1420
1421
1422
1425
1427
1424
1426
1678
1799
1800
1376
1375
1583
1625
1137
1070
1071
1072
1073
1074
1075
1487
1488
1542
1458
1499
1481
1500
1518
1679
1543
1544
1546
1148
1386
1218
1490
1489
1578
1359
1183
1185
1186
1184
1654
1653
1656
1739
1028
1020
1312
1572
1017
1399
1491
1046
1338
1341
1342
1339
1340
1337
1605
1138
1398
1275
1181
1096
1328
1095
1329
1077
1281
1385
1304
1367
1409
1669
1371
1370
1400
1403
1404
1405
1406
1407
1622
1623
1624
1649
1648
1319
1097
1390
1274
1283
1282
1076
1280
1243
1777
1779
1776
1260
1261
1279
1268
1008
1321
1674
1681
1714
1273
1152
1272
1022
1661
1662
1566
1124
1123
1507
1106
1352
1224
1225
1055
1061
1372
1277
1278
1772
1774
1773
1775
1787
1721
1722
1162
1161
1335
1512
1513
1514
1602
1603
1461
1104
1105
1473
1019
673
674
655
342
726
935
410
929
246
275
760
687
523
635
609
568
566
440
571
399
413
404
394
412
564
421
418
558
559
550
424
422
555
556
545
549
551
542
436
434
432
441
541
438
439
537
444
538
539
534
535
447
533
528
455
521
575
578
637
597
999
375
372
381
379
579
376
383
357
258
265
619
602
620
632
473
486
488
474
471
479
472
243
245
153
230
496
128
240
143
150
158
211
169
187
801
995
395
560
469
339
727
951
203
911
685
293
785
171
172
177
966
390
167
283
988
595
753
520
835
271
356
306
740
864
847
249
918
279
720
738
191
759
758
567
387
416
563
546
435
445
570
403
414
562
565
433
540
536
454
531
453
452
527
458
456
468
525
526
470
522
744
256
343
755
888
617
329
980
990
749
764
955
391
259
588
934
615
949
261
962
956
970
371
909
614
676
333
701
767
574
921
750
885
321
896
675
643
639
636
634
589
587
586
645
584
583
591
365
590
644
650
594
593
600
364
377
326
323
389
385
336
314
332
317
328
346
308
340
312
338
351
301
303
350
349
296
354
300
353
352
294
359
295
291
292
362
361
360
280
289
363
273
274
277
276
262
263
267
933
925
926
927
928
932
961
959
958
922
957
913
914
964
963
916
972
971
910
969
912
982
981
979
978
976
987
899
900
983
901
994
991
989
903
895
998
884
997
986
887
780
779
775
771
882
756
757
763
761
787
751
752
765
754
682
681
746
686
741
683
684
742
668
669
680
670
700
664
667
622
611
628
627
626
625
624
633
631
629
144
719
179
838
697
698
494
712
210
201
242
696
844
806
516
499
518
493
510
503
513
502
501
507
506
505
508
504
252
127
126
255
134
133
131
129
137
136
135
247
142
235
141
238
145
232
233
234
156
226
147
229
159
222
223
164
214
216
220
208
166
165
213
173
170
207
175
204
205
174
206
200
178
202
176
186
185
184
199
197
190
198
189
492
194
193
196
192
792
878
789
880
881
796
875
795
793
794
800
797
873
874
804
803
870
871
802
808
807
865
805
868
860
810
862
809
863
856
814
858
813
859
819
818
817
854
855
822
849
821
852
820
825
824
846
845
823
842
830
829
827
826
836
832
831
839
841
689
688
737
732
694
691
692
690
710
728
729
703
699
714
725
713
711
717
715
718
721
722
730
716
599
723
299
607
316
724
313
606
938
386
331
941
426
709
678
427
576
652
325
237
866
665
653
748
406
840
327
388
425
853
221
897
423
225
623
828
876
514
735
745
374
879
811
848
490
162
869
734
770
905
183
872
146
500
188
671
889
467
707
457
812
924
649
509
768
195
451
621
569
638
448
585
450
254
369
257
547
378
428
437
241
442
398
557
616
548
577
411
393
392
415
485
484
478
180
181
861
477
480
481
482
483
285
476
182
524
405
140
788
996
278
309
330
613
992
640
268
310
592
766
239
781
297
769
630
355
487
975
974
315
298
287
883
651
965
641
384
837
228
253
337
679
532
666
984
552
429
663
212
893
543
898
407
784
931
408
890
891
902
290
430
431
656
529
530
704
783
417
419
582
561
319
320
747
943
324
244
906
907
908
511
512
706
596
519
598
311
659
778
603
601
345
743
227
618
272
270
269
449
604
973
950
612
736
348
302
954
791
790
307
465
463
464
466
940
462
460
459
461
867
219
218
843
782
917
815
495
334
130
581
834
833
647
260
264
517
409
282
985
281
491
335
930
368
367
366
646
939
936
937
544
657
658
960
151
231
288
857
443
772
773
358
148
149
1000
952
953
286
944
945
946
947
948
322
892
341
1001
677
642
662
708
580
942
693
132
786
251
250
305
695
284
248
224
344
236
157
762
977
661
573
397
396
155
139
138
886
654
877
266
850
851
446
168
968
498
608
610
731
967
739
420
475
919
920
515
904
894
152
154
554
553
318
163
160
993
648
3138
3139
3140
3141
3142
3143
3144
3145
3146
3147
3148
3149
3150
3151
3152
3153
3154
3155
3156
3157
3158
3159
3160
3167
3168
3164
3161
3163
3165
3166
3162
3169
3170
3171
3173
3172
3174
3175
3176
3180
3183
3190
3191
3187
3189
3179
3181
3177
3188
3193
3192
3185
3182
3178
3184
3186
3194
3195
3196
3197
3198
3199
3200
3201
3202
3203
3204
3205
3206
3207
3208
3209
3210
3212
3211
3213
3214
3215
3216
3217
3218
3219
3220
3221
3225
3249
3232
3224
3231
3247
3227
3230
3248
3226
3246
3242
3238
3223
3222
3229
3240
3241
3233
3239
3228
3235
3234
3243
3237
3236
3244
3245
3250
3251
3252
3253
3258
3257
3254
3255
3256
3259
3260
3261
3262
3263
3264
3265
3266
3267
3268
3269
3270
3271
3279
3272
3273
3277
3276
3275
3278
3274
3280
3281
3282
3283
3284
3285
3286
3287
3288
3289
3290
3291
3292
3293
3294
3295
3296
3297
3298
3299
3300
3301
3302
3303
3304
3305
3306
3307
3308
3309
3310
3311
3312
3313
3314
3315
3316
3317
3318
3319
3320
3321
3322
3323
3327
3325
3326
3324
3328
3328
3330
3331
3332
3329
3333
3334
3335
3336
3337
3338
3346
3344
3341
3340
3345
3343
3339
3342
3347
3348
3349
3351
3352
3350
3353
3354
3355
3356
3357
3421
3380
3394
3381
3369
3390
3397
3391
3400
3384
3378
3385
3383
3401
3418
3360
3413
3376
3363
3364
3365
3368
3367
3425
3362
3377
3398
3415
3374
3373
3403
3402
3395
3404
3399
3406
3382
3393
3405
3414
3372
3392
3420
3411
3371
3408
3379
3396
3387
3416
3410
3409
3358
3389
3388
3412
3417
3375
3366
3419
3370
3424
3422
3423
3359
3386
3361
3407
3545
3451
3490
3526
3550
3446
3567
3555
3583
3453
3457
3430
3571
3432
3440
3474
3541
3426
3429
3442
3563
3562
3501
3500
3456
3529
3431
3561
3499
3574
3569
3570
3435
3454
3452
3511
3508
3488
3491
3493
3463
3572
3441
3530
3531
3535
3525
3514
3487
3503
3486
3484
3510
3450
3566
3559
3538
3578
3494
3497
3539
3515
3513
3512
3546
3489
3473
3477
3536
3537
3482
3485
3521
3522
3516
3481
3469
3471
3472
3475
3438
3547
3548
3549
3542
3543
3505
3532
3533
3534
3565
3527
3518
3459
3460
3461
3466
3495
3496
3557
3558
3458
3465
3554
3502
3573
3556
3439
3582
3437
3498
3464
3553
3540
3560
3468
3428
3436
3479
3506
3507
3551
3524
3478
3444
3448
3509
3504
3455
3467
3470
3483
3443
3476
3447
3564
3523
3580
3434
3528
3517
3445
3427
3576
3520
3544
3575
3462
3568
3433
3552
3577
3579
3480
3581
3519
3492
3449
3596
3584
3585
3590
3587
3586
3589
3594
3593
3592
3591
3588
3595
3597
1
2
4
5
6
7
8
9
10
11
12
13
14
15
16
17
18
19
20
21
22
23
24
25
26
27
28
29
30
31
32
33
34
35
36
37
38
39
40
41
42
43
44
45
46
47
48
49
50
51
52
53
54
55
56
57
59
58
60
61
62
63
64
65
66
67
68
69
70
71
72
73
74
75
76
77
78
79
80
81
82
83
84
85
86
87
88
89
90
91
92
93
94
95
96
98
99
97
100
101
103
104
105
106
107
110
108
109
111
112
113
114
120
119
115
118
117
116
121
123
122
124
125
126
127
128
129
130
131
134
136
133
132
140
137
138
139
141
135
142
143
146
144
145
147
1
2
3
4
5
6
7
8
9
10
11
12
13
14
15
16
17
18
19
20
21
22
23
24
25
26
27
28
29
30
31
32
33
34
35
36
37
38
39
40
41
42
43
44
45
46
47
48
49
54
56
58
51
53
50
61
60
62
55
63
59
52
66
69
65
68
64
67
70
71
72
73
74
75
76
77
78
79
80
81
82
83
84
85
86
87
88
89
90
92
91
93
94
95
107
106
103
104
101
105
98
99
97
96
108
109
110
112
111
113
114
115
116
117
118
119
120
121
122
123
124
125
126
127
128
129
130
131
132
133
134
135
136
142
143
141
138
140
146
147
137
150
148
144
149
139
151
145
152
160
159
158
157
156
153
154
155
161
162
163
165
166
164
168
167
171
169
170
172
173
174
182
178
177
186
175
187
185
179
181
183
180
176
184
194
195
193
191
189
188
190
192
196
197
198
199
200
201
202
203
204
205
206
207
208
209
214
216
215
217
210
212
213
211
218
220
219
221
222
223
224
225
226
227
228
229
230
231
233
232
234
236
235
237
238
239
240
241
242
243
247
248
244
245
246
249
250
251
252
253
254
255
256
257
258
259
260
261
262
263
264
265
266
267
268
269
270
271
272
273
274
275
276
277
278
279
280
281
282
283
284
285
286
287
288
289
290
291
292
293
294
295
296
297
298
299
300
301
302
303
304
305
307
308
309
310
311
318
333
325
321
320
329
317
311
315
313
314
328
327
322
332
330
316
323
319
324
331
312
326
334
335
336
337
338
339
341
342
343
344
345
346
347
348
349
350
351
352
353
354
355
356
357
358
359
360
361
362
363
364
365
367
369
368
370
366
371
372
373
374
375
376
377
378
379
380
381
382
383
385
386
387
388
389
390
391
392
393
394
395
396
399
397
398
400
401
402
403
404
405
406
407
408
409
410
411
412
413
414
415
416
417
418
425
423
419
418
422
420
421
424
426
427
428
429
430
431
432
433
434
435
436
437
438
439
440
441
442
443
444
445
447
448
446
449
451
450
452
453
454
456
455
457
458
467
493
485
468
487
461
491
490
466
464
486
465
470
488
492
471
462
484
489
474
472
459
463
483
482
481
460
478
479
473
477
494
475
476
480
469
495
496
497
498
499
500
501
502
503
504
505
506
507
508
509
510
511
512
513
514
515
516
517
518
519
520
521
522
523
524
525
526
531
530
532
527
529
528
533
534
536
537
535
538
539
540
541
542
580
574
551
577
576
544
579
578
557
572
570
556
567
566
563
562
561
565
560
569
558
546
547
543
555
564
549
548
575
552
559
571
553
554
573
568
545
550
581
582
583
584
585
588
587
589
590
591
