1
2
3
4
5
6
7
8
9
10
11
12
13
14
15
16
17
18
19
20
21
22
23
24
25
26
27
28
29
30
31
32
33
34
35
36
37
38
39
42
43
44
45
46
47
48
49
50
51
52
53
54
55
56
57
58
59
60
61
62
63
64
65
66
67
68
69
70
71
72
73
74
75
76
77
78
79
80
81
82
83
84
85
86
87
88
89
90
91
92
383
124
277
487
379
93
185
186
371
329
330
368
367
469
455
456
485
617
614
616
603
440
529
530
149
150
151
217
415
656
655
657
106
403
541
538
621
399
545
352
337
249
295
370
522
575
347
111
446
166
293
131
310
444
256
427
658
510
216
659
342
215
165
540
169
321
353
417
397
202
615
476
97
674
584
516
448
460
556
280
565
566
116
602
410
570
562
569
568
563
557
571
558
559
560
552
553
576
554
574
548
549
579
550
551
604
543
599
544
546
535
605
537
601
542
531
533
607
534
606
618
526
527
528
613
521
622
525
620
518
629
519
628
627
513
634
631
630
517
641
640
639
638
512
649
502
503
642
506
496
498
666
500
660
494
495
670
667
482
681
677
488
490
464
468
477
478
484
392
386
387
391
388
380
381
396
382
384
394
378
413
412
411
372
423
376
377
428
365
366
426
424
434
363
433
364
430
437
359
436
435
360
445
439
438
454
357
453
451
462
461
351
318
307
317
312
339
327
323
322
320
331
328
298
299
300
259
336
294
335
237
240
275
264
260
233
278
276
236
274
286
284
282
279
232
209
291
290
289
201
220
200
214
211
226
196
199
223
190
189
191
228
192
180
182
183
184
187
162
174
177
160
178
122
164
163
171
172
113
114
128
126
118
139
136
133
132
112
107
142
103
141
109
98
99
100
102
143
326
94
95
96
400
572
648
398
393
532
459
179
425
235
429
509
348
585
416
110
536
137
159
358
255
635
287
204
672
626
652
591
470
333
486
583
573
205
520
309
567
514
193
173
407
125
515
296
144
212
450
303
611
319
221
222
564
597
385
229
422
258
650
524
224
523
590
507
624
244
281
242
198
245
355
167
504
505
441
443
561
306
600
176
206
431
432
651
511
161
669
341
230
181
304
227
508
123
115
288
356
646
647
643
238
447
499
497
414
302
108
203
369
680
270
467
158
127
501
463
596
465
155
547
678
170
340
578
491
492
493
104
105
612
225
361
145
679
668
263
595
594
466
610
213
483
619
156
247
246
265
261
420
421
375
152
406
390
555
135
254
625
138
283
418
262
207
325
311
588
586
405
653
654
408
239
539
269
593
592
637
662
663
664
665
188
489
175
633
374
257
297
472
119
324
292
153
479
481
480
419
587
134
129
130
308
404
401
675
252
676
285
218
219
632
471
473
194
195
146
147
608
609
241
243
442
402
234
197
210
231
148
395
253
157
349
452
140
251
623
168
362
598
332
301
589
250
248
350
373
315
316
314
313
272
273
271
449
343
344
345
346
154
101
117
208
268
305
636
644
645
673
671
577
582
581
580
354
334
661
267
120
121
389
474
475
457
458
266
338
409
1116
1016
1013
1209
1212
1213
965
738
1115
931
932
934
936
933
935
1244
1243
953
954
1191
950
951
952
1018
1145
877
1029
947
942
946
824
1153
1152
1216
1217
1014
1022
1023
861
864
1203
1205
1094
1093
1092
1083
796
852
851
818
964
1025
847
1095
1054
1053
998
1000
722
703
791
872
1256
1112
969
805
875
713
759
1239
882
910
906
1170
1041
1168
1218
705
844
735
752
913
916
1185
948
743
1102
733
1231
771
845
783
768
984
838
974
1103
1197
826
1077
975
901
775
741
1106
1056
792
842
986
1047
938
1082
989
728
716
1246
1067
820
937
767
1110
899
889
1234
712
980
1144
1048
1194
911
909
912
1107
1109
808
1220
1111
867
1124
1059
876
1063
1125
1108
1069
1070
1071
1072
1058
717
1087
1088
1089
1075
1076
1074
914
1248
803
720
1090
1012
1078
828
756
917
772
1097
1098
1099
1100
949
729
789
1219
1101
939
1096
940
758
902
753
766
858
860
973
922
896
921
1235
834
832
765
732
761
987
907
962
811
958
960
855
790
959
1232
961
978
966
963
999
773
968
967
970
831
1221
972
812
898
787
807
993
857
1043
856
849
1192
923
1045
992
751
806
990
988
817
924
816
985
1042
848
829
1001
788
900
760
976
714
870
994
814
746
1227
1189
1201
1190
1195
1186
1215
1188
1202
1178
1226
1179
1183
1184
1175
1228
1176
1177
1171
1173
1174
1229
1238
1166
1167
1169
1233
1157
1159
1245
1163
1164
1252
1250
1249
1156
1247
1143
1255
1254
1150
1151
1142
764
769
770
774
918
971
762
763
895
894
908
920
919
890
888
887
897
871
869
893
892
891
809
813
823
874
873
839
830
827
819
810
833
835
836
837
781
782
784
786
850
777
778
779
780
748
744
846
843
841
755
757
742
747
795
797
749
754
730
731
734
736
794
711
715
718
719
721
702
704
706
708
710
977
701
1180
1046
723
928
1105
1055
1086
929
930
1065
799
707
1020
1068
927
1225
854
750
995
825
915
1091
1160
1187
709
1044
822
1251
991
1120
821
1066
1224
727
840
1119
1253
1122
1104
1052
1051
1193
1123
697
1121
879
1126
1127
1132
1130
1129
1131
1128
1133
683
878
1004
1060
737
1019
682
686
684
1237
1236
1210
1211
1214
880
1081
1080
1204
1034
740
1073
804
859
1165
1161
1162
881
1155
1149
1146
1147
1148
1079
793
853
798
801
1021
1118
1117
802
699
724
685
1009
1008
1017
739
1061
1011
1010
1200
1199
1198
981
1050
1049
997
903
904
905
955
956
957
1172
1002
1003
1005
1006
1007
1057
943
944
945
996
1037
700
1154
800
776
979
687
885
884
886
883
1064
725
698
785
688
689
868
1085
726
1242
1241
1240
982
865
866
1062
983
1084
1036
1035
1027
1038
1158
941
1230
1141
1113
1139
1140
1138
1137
1222
1208
1207
1206
1196
1033
815
1114
1026
926
925
1135
1134
1024
1032
1028
1223
1136
1031
1030
863
862
745
1039
1040
1181
1182
690
691
694
692
693
695
696
1015
1333
1270
1319
1318
1326
1363
1278
1344
1341
1338
1302
1303
1295
1369
1371
1378
1328
1327
1271
1332
1307
1347
1350
1335
1296
1288
1310
1373
1352
1354
1300
1305
1289
1292
1345
1339
1336
1337
1304
1346
1330
1340
1348
1351
1343
1291
1309
1297
1381
1285
1301
1258
1334
1349
1313
1329
1355
1356
1287
1316
1284
1375
1357
1290
1293
1367
1365
1321
1359
1366
1317
1362
1322
1376
1325
1370
1368
1374
1358
1377
1380
1308
1264
1323
1331
1379
1311
1299
1342
1276
1273
1314
1275
1259
1382
1361
1286
1312
1298
1268
1267
1282
1281
1261
1262
1263
1360
1353
1372
1294
1279
1306
1274
1277
1265
1320
1283
1272
1324
1364
1269
1266
1315
1280
1260
1257
1921
1855
1854
1853
1923
1595
1596
1573
1850
1924
1925
1987
1535
1656
1473
1474
1475
1952
1846
1657
1501
1560
1561
1601
1421
1772
1529
1530
1771
2007
1511
1627
1658
1815
1720
1751
1383
1750
1752
1623
1632
1719
1648
1485
1605
1469
1816
1590
1963
1626
1985
1984
1902
2001
1879
1976
1693
1896
1528
1515
1834
1673
1695
1707
1774
1559
1478
1991
2029
1961
1933
1753
1807
1884
1517
2021
1692
1429
2011
1890
1889
1886
1885
2006
2008
2009
1891
2010
1904
2004
1900
1899
2005
1911
1910
1909
2002
1907
1920
1919
1918
1915
1931
1927
1930
1926
1935
1996
1997
1932
1998
1938
1936
1937
1992
1978
1954
1982
1986
1948
1960
1957
1962
1953
1968
1875
1764
1876
1864
1867
1868
1770
1781
1860
1861
1780
1779
1795
1788
1787
1856
1801
1800
1798
1792
1851
1810
1813
1804
1803
1818
1848
1849
1824
1841
1821
1842
1843
1838
1839
1826
1825
1822
1614
1833
1829
1755
1756
1618
1624
1629
1628
1742
1741
1625
1631
1739
1630
1643
1642
1640
1736
1660
1659
1651
1645
1670
1716
1668
1666
1662
1704
1676
1675
1708
1718
1686
1697
1680
1703
1679
1610
1691
1694
1690
1696
1489
1606
1488
1487
1599
1495
1492
1604
1582
1585
1586
1594
1598
1514
1578
1513
1503
1581
1565
1569
1521
1576
1577
1527
1550
1556
1562
1543
1545
1546
1548
1394
1389
1537
1410
1399
1398
1397
1472
1419
1465
1467
1462
1463
1423
1464
1447
1425
1452
1456
1442
1444
1446
1726
1732
1980
1955
1760
2022
1644
1674
1858
1455
1958
1994
1845
1844
1914
2030
1782
1709
1831
1967
1409
1412
1516
1434
1959
1634
1418
1722
1734
1735
1723
1730
1943
1484
1956
1699
1568
2013
1857
1901
1830
1500
1554
1862
1652
1539
1785
1454
1878
1893
1817
1710
2024
1828
1408
1420
1944
1633
1504
1797
1424
1990
1906
1814
1871
1922
1602
1743
1700
1617
1661
1819
1898
1461
1928
1738
1999
1701
1757
1711
1859
1808
1721
1725
1727
1728
1729
1731
1784
1775
1427
1737
1433
1671
1566
1812
1476
1805
1806
1647
1646
1453
1702
1908
1989
2017
1847
1863
1493
1494
1758
1603
1717
2000
1762
1773
1754
1852
1650
1733
2028
1428
1832
1411
1881
1481
1482
1479
1480
1761
1913
1553
1883
2018
2019
1809
1698
1451
1407
1564
1615
1835
1916
1422
1483
2016
2015
2014
1600
1970
1969
1971
1949
1950
1951
1667
1460
1458
1995
1972
1393
1384
1390
1391
1392
1763
1724
1802
1415
1413
1414
1975
1973
1974
1783
1540
1541
2003
1471
1470
1799
1589
2027
1669
1672
1417
1477
1486
1512
1507
1506
1776
1509
1510
1508
1572
1571
1570
1400
1401
1402
1403
1404
1405
1406
1416
1450
1820
1942
1941
1759
1895
1445
1744
1435
1641
1438
2026
2025
1977
1905
1584
1588
1583
1502
1430
2023
1983
1531
1766
1767
1768
1769
1441
1635
1636
1637
1793
1794
1882
1880
1607
1934
1988
1712
1713
1714
1715
1653
1964
1385
1386
1387
1388
1437
1436
1611
1534
1440
1749
1866
1612
1567
1608
1609
1765
1558
1683
1684
1685
1395
1396
1499
1981
1917
1912
1836
1837
1587
1655
1654
1897
1532
1945
1468
1496
1497
1498
1965
1525
1677
1678
1524
1563
1547
1622
1459
1457
1688
1687
1689
1872
1873
1874
1786
1903
1796
1549
1591
1592
1593
1575
1574
1490
1491
1439
1505
1840
1940
1894
1522
1523
1811
2020
1887
1552
1619
1620
1538
1966
1443
1869
1870
1542
1536
1431
1432
1777
1778
1579
1580
1555
2012
1865
1638
1639
1518
1519
1745
1746
1747
1748
1665
1664
1663
1888
1520
1947
1946
1466
1544
1877
1526
1551
1649
1616
1823
1979
1597
1681
1682
1705
1706
1533
1892
1827
1791
1789
1790
1939
1929
1426
1557
1740
1621
1993
1448
1449
1613
2035
2034
2033
2032
2036
2031
2037
2038
2039
2040
2041
2042
2044
2045
2046
2047
2048
2049
2050
2051
2052
2053
2054
2055
2056
2057
2058
2059
2060
2061
2062
2063
2064
2065
2066
2067
2068
2069
2070
2071
2072
2073
2074
2075
2076
2077
2078
2079
2080
2081
2082
2083
2084
2085
2086
2087
2088
2089
2090
2091
2092
2093
2094
2095
2096
2097
2098
2099
2100
2101
2102
2103
2104
2105
2106
2107
2108
2109
2110
2111
2112
2113
2114
2115
2116
2117
2118
2119
2120
2121
2122
2123
2124
2125
2126
2127
2128
2129
2130
2131
2132
2133
2134
2135
2136
2137
2138
2139
2140
2141
2142
2143
2144
2145
2146
2147
2148
2149
2150
2151
2153
2154
2155
2156
2157
2158
2322
2216
2656
2247
2547
2201
2202
2507
2508
2569
2570
2515
2598
2226
2512
2460
2643
2651
2484
2378
2402
2191
2657
2506
2310
2309
2673
2275
2248
2203
2317
2435
2539
2416
2662
2663
2689
2510
2621
2386
2531
2315
2267
2225
2411
2622
2285
2382
2415
2170
2585
2636
2338
2530
2369
2232
2617
2658
2661
2167
2397
2324
2586
2591
2608
2423
2295
2642
2541
2431
2273
2524
2629
2542
2345
2280
2405
2359
2574
2610
2278
2168
2434
2318
2314
2304
2306
2198
2308
2654
2653
2265
2264
2261
2252
2249
2686
2666
2679
2675
2347
2533
2534
2395
2399
2400
2577
2485
2194
2647
2299
2251
2648
2340
2255
2684
2262
2392
2253
2396
2646
2521
2522
2525
2528
2535
2548
2549
2537
2538
2550
2551
2552
2553
2559
2561
2565
2567
2634
2630
2625
2624
2623
2620
2614
2644
2640
2207
2208
2209
2212
2222
2474
2467
2465
2464
2478
2452
2481
2444
2488
2495
2498
2500
2514
2509
2511
2517
2442
2436
2432
2430
2428
2426
2427
2424
2419
2417
2413
2412
2409
2407
2468
2446
2513
2379
2350
2289
2353
2302
2665
2505
2685
2626
2582
2573
2235
2325
2463
2408
2618
2576
2197
2462
2276
2451
2181
2523
2327
2490
2260
2335
2161
2516
2385
2192
2215
2632
2628
2180
2268
2563
2319
2160
2472
2631
2641
2664
2326
2633
2206
2218
2213
2214
2470
2458
2457
2455
2489
2219
2546
2572
2443
2305
2692
2691
2195
2311
2562
2571
2466
2312
2613
2450
2298
2377
2183
2454
2601
2688
2687
2199
2368
2301
2381
2383
2205
2387
2670
2281
2540
2394
2376
2323
2224
2473
2336
2438
2637
2645
2659
2297
2242
2543
2351
2433
2220
2169
2166
2165
2163
2164
2162
2159
2223
2320
2358
2329
2332
2333
2337
2339
2346
2352
2356
2360
2362
2363
2364
2296
2293
2288
2287
2284
2283
2282
2277
2279
2271
2269
2270
2266
2190
2187
2186
2185
2182
2179
2173
2177
2171
2172
2227
2240
2236
2241
2238
2243
2246
2244
2445
2612
2611
2606
2602
2600
2597
2587
2580
2579
2575
2341
2401
2615
2449
2307
2196
2200
2204
2250
2437
2480
2492
2491
2330
2461
2316
2174
2652
2429
2605
2447
2448
2349
2300
2290
2348
2493
2471
2367
2596
2627
2494
2292
2291
2520
2228
2233
2406
2188
2189
2393
2638
2671
2558
2357
2557
2690
2545
2544
2421
2239
2313
2221
2398
2422
2176
2459
2456
2175
2365
2373
2254
2384
2682
2482
2650
2497
2592
2593
2344
2536
2589
2361
2499
2342
2193
2343
2603
2371
2380
2655
2418
2595
2660
2354
2518
2263
2256
2669
2388
2229
2258
2366
2372
2502
2504
2374
2375
2672
2404
2486
2487
2527
2286
2683
2231
2410
2237
2590
2649
2303
2425
2609
2526
2245
2230
2321
2272
2594
2519
2554
2532
2564
2334
2184
2210
2211
2479
2680
2581
2274
2604
2676
2420
2355
2483
2677
2501
2635
2566
2370
2599
2178
2681
2331
2674
2667
2403
2477
2560
2475
2476
2234
2555
2556
2259
2257
2568
2414
2639
2453
2607
2503
2678
2496
2441
2440
2439
2469
2529
2583
2668
2584
2328
2389
2616
2391
2619
2294
2390
2578
2217
2588
3167
3030
3185
3073
3074
3075
3176
2863
2795
2998
3168
2785
2786
2760
2877
2846
2700
3192
2808
3197
3078
3079
3221
3256
3245
3261
3282
3274
3247
3239
3237
3236
3240
3241
3270
3299
3244
3248
3234
3166
3202
3186
2827
2859
3165
3242
3238
3246
2728
2838
2950
3268
2952
2953
2695
2696
3047
2800
3066
2849
3109
3277
2705
3153
3117
3309
2850
2981
3099
3101
2784
2710
2775
2773
2768
2751
2752
2749
2764
2739
2766
2794
2779
2726
2715
2748
2771
2920
2789
2747
2762
2774
2783
2714
2697
2741
2763
2706
2833
2756
2740
2735
2738
2923
2746
2732
2899
2716
2943
2791
2724
2767
2802
3281
3278
3279
3283
2984
2977
2976
2973
2989
2988
2974
2972
2971
2968
2990
2967
2964
2991
2993
2963
2994
2954
2997
2999
3032
3001
3031
3002
3004
3027
3005
3025
3012
3011
3024
3016
3023
3018
3255
3254
3258
3259
3269
3307
3305
3056
3055
3054
3053
3052
3051
3050
3039
3091
3089
3088
3063
3087
3106
3110
3124
3126
3149
3132
3141
3140
3139
2813
2817
2820
2822
2874
2875
2878
2853
2852
2862
2836
2896
2895
2898
2907
3303
3062
3094
3127
2854
3085
3142
2731
3128
3260
2857
3009
3136
2704
3131
2978
3034
3257
2815
2962
3252
2983
3059
2872
2906
2910
3086
2702
3111
2801
2821
2887
3262
2737
2958
3300
3264
3271
3272
2925
2901
2904
2947
2944
2939
2934
2882
2931
2930
2883
2927
2890
3082
3072
3122
3120
3095
3118
3116
3098
3114
3112
3102
3068
3070
3084
3071
2814
2914
3015
2825
2926
2903
2960
2770
2911
2975
2970
3265
2937
3304
3135
3129
2992
2753
2811
3148
3083
2851
3133
2888
3077
3057
2736
3251
3067
3021
3058
3130
3064
3090
3113
3033
2891
2754
2986
3028
3097
2703
2913
2843
3290
2938
2742
2949
3045
3138
2776
2772
2725
2718
3266
2717
2727
3145
3096
3076
2908
3150
3249
3293
3294
2730
3092
3115
2985
3080
3060
2709
2792
3105
2922
2807
2810
2823
2980
2870
2869
2868
2865
2864
2839
3308
2826
2957
2951
3046
3048
2884
3042
3049
2919
3267
2946
2744
3292
2805
2712
2743
2782
2921
2793
2701
2694
2842
2961
2959
3026
2945
2941
2729
2829
3152
2940
2956
2955
2995
3223
2777
3065
3019
2835
2711
2867
2809
3035
3280
3108
3020
2804
3121
3103
2893
2866
2856
2824
3287
2734
2765
3134
3100
2936
2935
2929
3195
3220
2806
2918
2693
2818
3119
3174
3173
3172
3194
3263
2880
2848
2798
3157
2698
3232
2840
3177
3201
3208
2965
2966
2758
3230
2917
3175
2900
3081
3213
3210
2745
2796
3198
2841
2720
2723
3154
3037
2886
2787
2885
2897
3222
3225
3038
3183
3181
3000
2916
2788
3003
3180
2755
2812
3159
2855
3061
2915
3233
3193
3216
3219
3190
3104
2803
2790
2713
2769
2858
3022
2816
3178
3250
2996
3196
3217
2733
2759
3160
2860
2876
2861
3285
2707
2708
3147
3146
3218
3215
3040
3041
3010
3207
2987
3006
3007
2902
3306
3301
3013
3014
3017
3188
2889
2982
2828
3199
3275
3296
3214
3273
3297
3295
2781
2832
3169
3107
3291
2799
3151
2892
3069
2979
2942
3189
2845
2757
3203
3163
2834
2819
3144
3235
3253
2844
2780
3029
3008
3164
3036
2831
2894
3161
3211
3212
3209
3182
3191
3184
3224
3179
2721
3243
2719
3123
2879
3205
3298
3302
3204
3206
3289
3288
3276
3286
3044
3043
2905
3284
3158
3162
3093
2932
2847
3156
2797
2924
3231
3137
3200
2969
2933
3125
2778
2750
2912
3187
2873
2909
2722
2871
2881
2761
2837
2948
3155
2830
2699
3228
3227
3229
3226
3143
2928
3170
3171
3731
3387
3618
3789
3448
3802
3801
3727
3765
3803
3679
3536
3543
3788
3377
3585
3626
3755
3700
3584
3621
3750
3751
3475
3808
3549
3651
3697
3676
3659
3673
3779
3778
3777
3807
3374
3460
3811
3538
3763
3324
3381
3732
3717
3392
3649
3473
3716
3638
3369
3813
3583
3728
3804
3316
3604
3637
3738
3654
3747
3311
3610
3609
3724
3314
3794
3784
3746
3310
3744
3313
3684
3689
3321
3753
3648
3657
3398
3539
3635
3400
3733
3422
3578
3505
3780
3506
3576
3661
3748
3597
3318
3329
3571
3376
3587
3552
3338
3335
3437
3452
3540
3555
3556
3563
3521
3509
3491
3483
3482
3391
3412
3389
3631
3513
3602
3438
3481
3541
3421
3492
3490
3557
3406
3461
3613
3553
3368
3566
3336
3775
3525
3407
3424
3561
3426
3384
3787
3581
3534
3582
3356
3533
3608
3511
3623
3719
3514
3510
3457
3517
3522
3404
3332
3442
3564
3344
3577
3346
3664
3453
3375
3365
3795
3494
3796
3516
3588
3408
3816
3373
3467
3493
3495
3439
3441
3546
3548
3579
3342
3443
3486
3348
3343
3410
3393
3519
3619
3528
3760
3663
3672
3754
3418
3498
3572
3752
3383
3529
3693
3504
3411
3319
3366
3351
3337
3459
3328
3370
3330
3598
3371
3435
3413
3446
3360
3429
3326
3349
3450
3331
3372
3466
3565
3586
3317
3320
3367
3358
3417
3402
3471
3423
3463
3458
3449
3322
3591
3315
3352
3470
3550
3431
3378
3353
3432
3388
3354
3454
3339
3340
3433
3425
3382
3399
3420
3403
3455
3590
3414
3542
3405
3472
3607
3605
3327
3650
3783
3800
3614
3730
3745
3656
3691
3615
3653
3762
3766
3674
3627
3757
3633
3695
3781
3749
3686
3670
3769
3812
3774
3772
3770
3814
3771
3699
3701
3703
3705
3707
3708
3710
3711
3761
3712
3715
3718
3720
3721
3723
3725
3737
3734
3735
3739
3743
3740
3782
3642
3647
3641
3639
3652
3658
3636
3634
3632
3628
3688
3687
3690
3694
3680
3580
3428
3323
3776
3726
3456
3815
3630
3419
3560
3527
3507
3786
3415
3484
3355
3568
3474
3394
3444
3445
3665
3497
3515
3479
3681
3501
3397
3512
3535
3500
3436
3567
3574
3692
3416
3462
3480
3508
3797
3799
3531
3478
3477
3401
3714
3593
3499
3520
3562
3624
3409
3523
3447
3465
3675
3334
3570
3682
3729
3592
3559
3643
3798
3810
3809
3569
3594
3606
3488
3524
3669
3430
3380
3530
3496
3357
3526
3677
3678
3503
3622
3704
3487
3589
3364
3363
3362
3361
3667
3662
3668
3616
3537
3440
3545
3532
3547
3625
3385
3805
3742
3736
3390
3341
3396
3646
3573
3640
3660
3666
3325
3575
3713
3601
3600
3502
3671
3347
3379
3756
3785
3469
3468
3518
3685
3395
3603
3427
3612
3629
3312
3558
3599
3345
3596
3683
3451
3791
3464
3620
3793
3359
3706
3773
3696
3350
3768
3767
3554
3806
3758
3759
3645
3644
3792
3595
3617
3544
3386
3790
3709
3434
3655
3698
3485
3476
3702
3611
3333
3489
3722
3551
3741
3764
3956
3957
3958
3843
3844
3849
4245
3878
3879
3860
3859
4108
4014
3968
4191
4184
3870
4234
4233
4149
4148
4305
4296
3927
4304
3867
4035
4009
4007
4017
3962
3993
3913
3920
3908
3905
4030
4016
3951
3832
4060
3822
4038
3887
3863
3955
3969
4310
3947
3946
3945
3938
4244
3949
4131
4226
4052
4136
4133
4154
4144
4145
4151
4147
4158
4157
4159
4163
4164
4168
4165
4177
4188
4175
4187
4178
4186
4181
4180
4192
4195
4193
4198
4199
4202
4208
4227
4215
4216
4217
4220
4236
4250
3853
4276
4015
3883
3873
3884
3872
3871
3869
3888
3866
3895
3847
3857
3850
3839
3841
3837
3835
3834
3831
3828
3823
4062
4063
4064
4065
4066
4173
4235
3821
3818
4092
4190
4260
4265
4033
3854
4012
4259
4150
4213
3858
3985
4218
4224
3862
4229
3861
3995
4242
4289
3876
3939
3904
3830
3944
4270
4196
4031
4223
3980
4278
4253
4099
4243
4020
3826
4204
4286
4093
4125
3848
4282
4141
3998
3817
4174
3966
4098
4271
3986
4207
4140
4237
4166
4185
4074
3842
3819
4275
4247
4257
4272
4034
3829
4228
4132
4252
4117
4287
3833
4197
4194
3988
3827
4205
3961
4135
4114
4111
4121
4127
4139
4138
4130
4137
4067
4072
4071
4070
4069
4068
4075
4077
4080
4079
4088
4083
4084
4087
4086
4095
4097
4100
4105
4101
4107
4118
4116
4094
4115
4053
4054
4055
4061
4059
4058
4057
4056
3989
3990
3981
3964
3959
3965
3954
3973
3976
3950
3936
3934
3915
3911
3907
3922
3923
3902
3926
3896
3932
3933
3881
3877
3882
4023
4019
4032
4026
4011
4005
4003
4001
4002
4000
3999
3996
4048
4049
4051
3967
4172
4109
4225
4285
4022
4085
4126
4169
4203
4160
4028
3865
4146
4013
4214
4029
4232
4090
4219
4246
4279
4258
4261
4263
4036
4039
4041
4040
4021
4262
3963
4171
4284
4043
4047
4044
4042
4037
3840
4277
3909
4156
4201
4231
4254
3825
4273
3960
3824
3855
4274
4050
3880
3972
3914
4025
4027
3906
3952
3953
4307
4308
3919
3918
3916
3948
4110
4251
3838
3997
4240
4096
4182
4183
4230
4152
3994
3894
3893
3892
4267
4248
3974
3975
3978
3977
4212
4211
4102
3971
3970
4103
4104
3917
4281
3987
4269
3984
4128
4162
3928
3929
3930
3931
4155
4176
3940
3941
3942
3943
3874
3875
3820
4268
4073
4134
4167
4124
4122
4123
4004
4161
3921
4078
4006
4290
4221
4170
3845
3846
3864
4283
4249
4293
4294
3901
3903
3836
4024
4241
4179
3868
4266
3885
4153
4302
4280
4120
4119
4309
4301
4010
4008
4222
4081
4082
3982
3983
4306
4300
3910
3890
3891
3991
3992
4297
4298
4291
4089
4264
4292
3889
4189
3937
3935
3912
3856
4018
4200
3925
4076
3924
4255
4143
4142
4106
4299
4238
4239
4091
4046
4045
4206
3851
3852
3897
3898
3899
3900
4129
4256
4303
4209
4210
4112
4113
3979
4288
4295
3886
4318
4327
4325
4329
4339
4332
4333
4335
4336
4344
4338
4343
4342
4341
4340
4337
4311
4312
4317
4321
4326
4330
4334
4323
4331
4328
4320
4345
4315
4313
4316
4314
4322
4324
4319
4348
4359
4349
4346
4360
4357
4347
4355
4356
4351
4352
4350
4354
4353
4358
4361
4362
4363
4364
4367
4365
4371
4370
4368
4369
4366
4373
4372
4377
4374
4375
4376
4378
4405
4400
4387
4397
4396
4402
4390
4394
4393
4403
4401
4395
4404
4388
4386
4381
4391
4392
4389
4384
4379
4380
4385
4399
4398
4383
4406
4407
4408
4409
4410
4502
4477
4478
4501
4493
4479
4487
4488
4489
4491
4481
4480
4492
4485
4486
4495
4484
4490
4496
4457
4419
4428
4413
4415
4421
4427
4425
4417
4503
4497
4494
4504
4423
4475
4473
4444
4474
4482
4505
4450
4424
4483
4500
4550
4435
4440
4438
4549
4520
4452
4463
4454
4455
4523
4519
4521
4451
4514
4513
4461
4508
4510
4509
4515
4512
4507
4506
4546
4448
4439
4518
4442
4516
4511
4545
4540
4541
4539
4538
4542
4534
4536
4543
4544
4537
4535
4532
4426
4446
4468
4471
4470
4458
4469
4476
4416
4422
4414
4418
4420
4429
4449
4462
4441
4447
4445
4443
4430
4431
4434
4433
4432
4524
4522
4531
4453
4517
4412
4437
4436
4498
4525
4527
4526
4529
4460
4530
4528
4466
4459
4464
4465
4467
4499
4533
4472
4456
4411
4548
4547
4552
4551
1
2
3
4
5
6
7
8
9
10
11
12
13
14
15
16
17
18
19
20
21
22
23
24
25
26
27
28
29
30
38
54
52
58
49
61
44
47
41
40
39
35
31
46
51
32
57
45
36
62
33
42
56
34
37
59
50
53
55
48
60
43
81
68
76
77
89
73
87
88
82
74
63
85
69
83
71
64
84
67
90
80
66
65
72
79
86
75
78
70
91
92
93
94
95
96
97
98
99
100
101
102
103
104
105
106
107
108
109
110
111
112
113
114
115
116
117
118
119
120
121
122
139
134
138
124
123
133
127
136
135
137
131
132
126
130
129
125
128
140
141
142
143
144
145
146
147
148
149
150
151
152
153
154
155
156
157
158
159
160
161
162
163
164
165
166
167
168
169
170
171
172
173
174
175
176
177
178
179
180
181
182
183
184
185
186
187
188
189
191
192
193
194
195
196
197
198
199
200
201
202
203
204
205
206
207
208
209
210
211
212
213
214
215
216
217
218
219
220
221
222
223
224
225
226
227
228
229
230
231
232
233
234
235
236
237
238
239
240
29
32
43
31
38
37
36
39
42
52
54
53
29
32
43
31
38
37
36
39
42
52
51
48
50
49
47
46
45
26
5
9
4
8
10
6
2
1
23
35
30
27
25
44
18
40
22
34
41
33
28
15
11
16
13
14
7
3
21
19
17
20
12
24
55
56
57
58
65
66
61
62
60
63
64
67
68
69
70
71
72
73
74
77
76
75
78
79
80
81
85
82
87
86
83
88
84
89
90
94
92
91
93
95
96
97
98
101
100
99
102
103
104
105
106
107
108
109
110
111
112
113
114
115
116
117
118
119
120
121
122
123
124
125
126
127
128
129
130
131
132
133
134
135
136
137
138
139
140
141
142
143
144
145
146
147
148
149
161
150
170
168
167
166
160
163
164
159
155
153
151
162
154
158
156
165
169
152
157
171
172
173
174
175
176
177
178
179
180
181
182
183
184
185
186
187
188
189
190
191
192
193
194
195
196
197
198
199
200
201
202
203
204
205
206
207
208
209
210
211
212
213
214
215
216
217
218
217
219
223
232
223
221
223
223
232
233
223
221
232
225
233
223
223
232
223
221
223
229
225
223
232
221
233
225
229
227
223
224
232
222
221
230
233
225
229
227
224
222
230
223
232
221
233
225
229
227
224
222
230
231
226
219
220
234
235
228
236
237
238
239
240
241
242
243
244
245
246
247
248
249
250
251
252
253
254
255
256
257
258
259
260
261
262
263
264
265
266
267
268
269
270
271
272
273
303
306
317
305
312
311
310
313
316
326
325
322
324
323
321
320
319
300
278
282
277
281
283
279
275
274
297
309
304
301
299
318
291
314
296
308
315
295
307
302
288
284
289
286
287
280
276
294
292
290
293
285
298
327
328
329
330
331
332
334
333
335
336
338
337
339
340
341
342
343
349
346
345
344
348
347
350
351
352
353
354
355
356
357
358
359
360
361
362
364
363
365
366
367
368
370
369
371
372
373
381
374
376
383
380
378
379
377
375
382
384
385
386
387
390
388
391
389
392
393
394
395
396
397
