1
2
3
4
5
6
7
8
9
10
11
12
13
14
15
16
17
18
19
20
21
22
23
24
25
26
27
28
29
30
31
380
586
39
354
517
52
602
377
440
441
442
162
100
101
102
179
180
434
435
436
423
157
159
160
624
279
122
139
140
599
899
904
867
903
902
868
910
906
905
917
865
916
914
922
921
861
834
824
833
828
851
842
838
837
836
844
843
815
816
817
780
849
812
848
760
763
796
785
781
756
780
798
797
759
795
805
803
801
799
755
735
810
809
808
728
743
727
740
737
749
723
726
746
717
716
718
751
719
709
711
712
713
714
694
703
706
692
707
696
695
700
701
652
653
664
662
656
674
671
668
667
651
647
677
644
676
649
639
640
641
643
678
841
637
638
881
957
986
880
878
920
708
897
758
898
943
858
891
650
950
672
691
866
777
978
806
730
993
975
989
927
846
934
964
958
731
947
826
956
945
720
702
887
661
946
813
679
738
913
820
969
835
744
745
955
875
752
896
779
987
949
747
948
941
973
767
800
765
725
768
863
697
939
940
907
909
954
823
965
705
732
900
901
988
944
693
853
753
710
821
750
942
660
654
807
864
984
985
981
761
911
937
936
890
819
648
729
871
999
791
926
690
663
938
923
924
687
952
997
699
852
960
645
646
970
748
869
680
998
784
925
968
739
933
971
688
770
769
786
782
894
895
874
684
886
877
953
670
776
974
673
802
892
783
733
840
827
885
990
991
888
762
951
790
980
715
935
704
977
873
778
814
929
657
839
811
685
893
669
665
666
825
884
882
995
774
996
804
741
742
976
928
930
721
722
681
682
966
967
764
766
908
883
757
724
736
754
683
879
775
689
859
915
675
773
972
698
870
845
818
772
771
860
872
831
832
830
829
793
794
792
912
854
855
856
857
686
642
655
734
789
822
979
982
983
994
992
959
963
962
961
862
847
788
658
659
876
931
932
918
919
787
850
889
1563
1562
1216
1375
1293
1294
1292
1434
1186
1525
1110
1006
1506
1049
1575
1537
1345
1289
1194
1238
1574
1189
1190
1187
1188
1122
1071
1134
1128
1280
1088
1086
1035
1123
1380
1382
1330
1371
1087
1381
1379
1245
1208
1180
1144
1166
1107
1023
1181
1163
1067
1251
1419
1002
1089
1225
1069
1512
1534
1084
1070
1179
1057
1000
1162
1104
1105
1209
1168
1183
1376
1458
1132
1263
1137
1306
1445
1408
1326
1485
1308
1150
1205
1355
1414
1374
1025
1193
1346
1427
1488
1437
1396
1529
1299
1085
1282
1103
1214
1478
1235
1453
1433
1511
1258
1439
1394
1479
1480
1125
1044
1492
1118
1004
1320
1003
1072
1399
1339
1313
1331
1206
1451
1440
1030
1178
1017
1424
1349
1117
1383
1384
1385
1056
1182
1241
1093
1502
1161
1535
1016
1435
1561
1146
1114
1319
1304
1250
1233
1027
1467
1296
1253
1370
1185
1276
1001
1515
1465
1483
1291
1149
1204
1353
1516
1338
1267
1517
1496
1133
1014
1505
1501
1334
1281
1318
1489
1354
1226
1240
1139
1530
1274
1461
1526
1554
1560
1564
1566
1532
1531
1522
1528
1524
1474
1475
1518
1533
1519
1520
1484
1470
1471
1472
1476
1460
1491
1463
1464
1466
1446
1450
1495
1494
1490
1571
1568
1443
1497
1444
1504
1510
1508
1576
1572
1388
1386
1378
1513
1503
1392
1368
1369
1390
1389
1395
1364
1365
1393
1366
1356
1357
1401
1358
1359
1409
1352
1406
1403
1402
1416
1415
1350
1413
1351
1418
1417
1347
1348
1422
1421
1342
1420
1343
1426
1335
1425
1337
1423
1327
1430
1329
1429
1428
1438
1321
1436
1323
1324
1236
1237
1239
1246
1259
1234
1252
1248
1249
1227
1231
1232
1257
1254
1264
1220
1262
1224
1261
1271
1270
1269
1212
1268
1277
1203
1275
1273
1272
1197
1279
1278
1198
1201
1285
1284
1283
1192
1196
1297
1298
1290
1286
1184
1303
1301
1176
1177
1300
1307
1169
1170
1305
1171
1165
1312
1310
1167
1309
1081
1096
1083
1095
1106
1077
1078
1097
1080
1066
1111
1068
1108
1073
1119
1059
1061
1062
1065
1042
1046
1050
1058
1033
1124
1036
1038
1041
1136
1135
1031
1130
1127
1026
1140
1138
1028
1029
1015
1147
1145
1143
1024
1007
1151
1010
1152
1148
1159
1156
1005
1008
1153
1158
1052
1121
1055
1455
1218
1288
1115
1116
1053
1037
1377
1325
1391
1500
1315
1032
1328
1255
1256
1018
1022
1507
1217
1074
1075
1266
1229
1228
1230
1120
1102
1397
1398
1405
1431
1021
1020
1219
1260
1155
1013
1012
1011
1555
1091
1333
1493
1557
1573
1514
1551
1129
1082
1045
1553
1373
1545
1242
1544
1521
1295
1051
1099
1113
1112
1469
1098
1101
1157
1191
1244
1243
1538
1142
1411
1412
1109
1558
1559
1432
1126
1523
1131
1454
1456
1457
1462
1578
1577
1547
1543
1215
1164
1486
1447
1448
1449
1552
1367
1550
1549
1542
1540
1541
1539
1316
1317
1019
1141
1344
1090
1265
1009
1442
1322
1567
1565
1039
1040
1060
1452
1546
1202
1407
1200
1199
1302
1287
1404
1076
1556
1154
1054
1481
1482
1477
1207
1195
1043
1314
1410
1221
1222
1047
1048
1498
1499
1372
1387
1340
1341
1092
1332
1213
1160
1079
1569
1570
1468
1223
1336
1034
1473
1527
1548
1536
1064
1509
1360
1247
1441
1175
1172
1174
1173
1400
1094
1100
1487
1459
1361
1362
1363
1311
1063
1210
1211
1579
597
113
510
348
35
466
604
277
387
384
95
210
418
64
141
61
632
334
50
262
67
315
91
325
56
388
255
378
82
317
346
323
309
306
319
304
305
297
298
358
375
295
290
382
292
285
289
167
209
217
148
104
229
226
96
103
86
248
246
247
249
253
70
47
257
254
42
174
40
337
336
94
92
616
125
93
627
393
464
461
546
608
118
527
465
538
316
314
582
451
406
398
625
90
534
606
333
428
552
74
324
551
580
149
620
119
478
593
135
85
84
430
596
598
112
123
573
581
584
585
587
543
541
540
566
572
535
545
536
544
554
553
549
539
548
525
529
556
530
531
522
564
561
523
557
454
432
433
437
438
450
459
462
427
429
472
421
471
422
425
417
475
419
474
473
413
412
414
477
476
415
482
409
480
410
411
404
405
485
484
407
494
399
493
402
492
499
395
497
396
496
389
501
390
500
515
512
507
505
506
326
327
330
332
341
344
349
312
303
355
363
299
296
362
294
376
282
622
636
182
183
202
158
161
165
153
155
154
221
138
120
220
143
137
240
235
243
242
89
81
245
83
251
78
80
66
71
252
48
58
271
267
46
266
568
142
594
391
453
600
524
526
129
488
172
528
628
38
416
381
467
360
470
156
487
521
532
328
116
571
408
73
51
115
502
234
623
542
567
322
468
392
579
128
236
213
72
88
278
60
268
261
369
63
350
218
244
287
108
76
345
318
357
273
274
383
371
166
281
79
302
107
258
366
233
41
134
504
114
241
420
603
397
169
560
481
601
469
256
367
607
386
291
368
136
263
555
569
370
385
105
320
559
629
631
110
614
150
310
563
97
109
483
37
331
520
151
250
127
479
111
205
204
203
188
152
356
206
186
463
259
260
187
130
272
170
307
626
288
163
311
164
62
335
145
144
610
379
270
269
574
343
232
231
230
498
276
275
168
591
293
75
124
228
558
321
208
207
589
372
351
583
374
43
44
45
69
609
146
147
508
329
590
106
619
615
189
190
191
192
193
194
195
196
197
198
199
200
201
131
132
133
621
117
443
222
223
224
225
595
98
592
547
613
503
490
633
634
55
53
57
59
54
617
77
99
32
34
509
511
518
519
439
227
338
68
211
373
394
570
361
575
576
578
359
513
514
516
400
308
452
588
181
301
605
424
1580
426
486
611
612
300
460
264
265
491
219
353
457
65
630
87
239
537
635
495
313
565
126
352
347
177
176
178
175
489
577
283
364
365
216
458
212
214
215
184
286
185
49
550
431
562
280
618
444
446
445
171
237
238
339
340
342
121
455
533
173
36
33
401
403
456
447
449
448
284
1581
1582
1583
1584
1585
1586
1587
1588
1589
1670
1612
1617
1737
1693
1718
1780
1651
1697
1606
1631
1659
1708
1626
1677
1711
1681
1664
1801
1689
1789
1645
1793
1739
1685
1736
1769
1750
1748
1636
1720
1616
1692
1597
1794
1665
1728
1778
1706
1621
1663
1643
1696
1649
1743
1715
1705
1770
1781
1755
1790
1687
1686
1783
1758
1695
1694
1691
1690
1688
1702
1701
1700
1699
1698
1710
1707
1704
1703
1713
1714
1716
1717
1803
1662
1666
1667
1668
1669
1656
1657
1658
1660
1661
1679
1680
1682
1683
1684
1672
1673
1674
1675
1678
1733
1734
1735
1738
1671
1726
1729
1730
1732
1719
1721
1722
1723
1724
1757
1759
1760
1761
1751
1753
1754
1756
1744
1745
1746
1747
1749
1635
1638
1740
1741
1742
1629
1630
1632
1633
1634
1655
1624
1625
1627
1628
1648
1650
1652
1653
1654
1782
1642
1644
1646
1647
1774
1775
1776
1777
1779
1765
1766
1767
1768
1771
1608
1609
1611
1762
1763
1764
1619
1620
1622
1623
1607
1613
1614
1615
1618
1798
1799
1800
1802
1791
1792
1795
1796
1797
1786
1784
1785
1787
1788
1603
1604
1605
1591
1593
1594
1596
1598
1599
1600
1601
1602
1595
1676
1590
1712
1592
1640
1641
1725
1639
1752
1610
1709
1772
1637
1727
1773
1731
1804
1805
1806
1807
1808
1809
1810
1811
1812
1813
1814
1815
1816
1817
1818
1819
1820
1821
1822
1823
1824
1825
1826
1827
1828
1871
1836
1830
1831
1829
1848
1870
1846
1847
1852
1853
1882
1886
1883
1849
1858
1878
1885
1864
1880
1869
1863
1865
1850
1861
1862
1877
1873
1876
1875
1851
1860
1872
1834
1866
1867
1835
1842
1832
1840
1879
1856
1855
1884
1838
1868
1833
1841
1845
1854
1888
1839
1859
1881
1887
1837
1874
1844
1843
1857
1938
1894
1921
1948
1909
1950
1960
1902
1897
1945
1919
1895
1904
1912
1937
1898
1899
1900
1951
1929
1892
1954
1955
1923
1908
1928
1952
1889
1903
1905
1906
1935
1932
1939
1911
1949
1910
1958
1947
1891
1934
1913
1927
1931
1946
1959
1893
1941
1924
1907
1936
1943
1944
1930
1940
1914
1901
1953
1922
1926
1933
1942
1916
1890
1956
1896
1915
1925
1920
1917
1918
2001
2000
2004
2012
2010
2009
2011
1999
1981
1989
1995
2007
2013
1997
1991
2014
2008
1992
2002
1993
2003
2006
1996
1983
1985
1984
1994
1998
1990
1988
1986
2005
1982
1980
1970
1971
1974
1972
1969
1968
1973
1967
1962
1978
1979
1976
1964
1961
1963
1966
1965
1975
1977
2078
2047
2094
2042
2050
2053
2024
2026
2017
2018
2027
2028
2068
2056
2080
2058
2054
2037
2057
2071
2066
2035
2062
2083
2072
2033
2069
2065
2064
2023
2091
2032
2019
2020
2082
2079
2029
2063
2081
2067
2016
2022
2060
2040
2051
2076
2044
2039
2048
2021
2059
2096
2099
2025
2045
2061
2052
2084
2038
2036
2030
2049
2093
2090
2077
2070
2034
2041
2092
2095
2031
2043
2086
2015
2088
2085
2089
2087
2075
2074
2073
2113
2109
2108
2110
2105
2111
2107
2106
2101
2104
2112
2100
2102
2103
2118
2138
2139
2143
2159
2133
2142
2158
2130
2165
2167
2166
2136
2151
2144
2140
2161
2137
2153
2160
2164
2132
2135
2141
2134
2157
2146
2163
2150
2148
2129
2156
2149
2145
2119
2121
2128
2127
2126
2123
2114
2173
2168
2154
2147
2155
2124
2117
2115
2162
2116
2120
2169
2170
2152
2172
2171
2122
2131
2202
2192
2196
2197
2189
2204
2188
2206
2186
2198
2200
2201
2181
2199
2194
2187
2193
2183
2184
2203
2176
2177
2175
2178
2174
2182
2205
2208
2207
2195
2185
2190
2191
2180
2179
2209
2224
2227
2243
2212
2229
2230
2219
2220
2241
2240
2236
2211
2234
2237
2235
2223
2228
2214
2215
2213
2218
2217
2238
2242
2232
2239
2216
2222
2210
2225
2231
2221
2226
2253
2260
2258
2244
2256
2266
2269
2264
2265
2248
2247
2255
2251
2252
2262
2245
2259
2250
2261
2263
2247
2255
2251
2252
2262
2245
2259
2250
2261
2263
2267
2249
2257
2268
2254
2246
2297
2303
2308
2270
2299
2305
2293
2292
2295
2280
2296
2278
2309
2307
2279
2300
2306
2291
2301
2302
2277
2276
2271
2275
2290
2273
2304
2274
2285
2286
2284
2283
2287
2288
2282
2289
2281
2294
2272
2298
2339
2332
2335
2333
2330
2329
2364
2355
2369
2372
2370
2368
2374
2367
2356
2373
2354
2363
2353
2358
2371
2359
2365
2334
2376
2312
2326
2322
2323
2327
2319
2320
2321
2324
2318
2317
2375
2310
2361
2360
2313
2340
2344
2347
2346
2341
2352
2351
2338
2342
2348
2343
2337
2345
2349
2311
2331
2328
2316
2314
2315
2362
2357
2325
2377
2366
2350
2336
9
4
18
17
7
21
22
15
20
25
16
19
11
12
13
14
8
5
2
1
10
6
24
23
3
10
6
24
23
43
41
26
34
42
35
32
29
28
40
38
37
36
27
39
33
30
31
49
44
47
45
48
46
58
52
55
56
51
57
59
61
50
54
62
60
53
71
67
64
66
65
70
68
63
72
81
75
77
78
74
79
76
73
80
82
83
90
97
104
93
98
100
86
89
85
92
99
102
94
84
103
101
96
107
88
95
87
106
128
130
111
109
110
113
124
121
123
127
112
122
125
117
126
129
114
108
132
131
116
119
120
118
115
133
134
135
136
166
248
204
225
138
168
246
179
167
153
194
157
192
191
187
159
161
189
172
227
156
182
237
164
151
242
190
205
186
175
210
218
206
181
170
139
255
238
171
169
199
195
178
137
219
208
209
196
158
214
212
220
217
247
203
174
142
240
213
215
148
198
144
140
245
146
216
236
177
183
162
163
200
165
188
147
180
173
251
244
252
176
253
239
143
207
152
150
254
231
141
145
241
185
235
226
233
230
223
243
229
221
201
211
197
160
154
193
149
184
155
250
234
202
249
228
222
224
232
270
257
266
264
265
259
262
269
256
268
261
260
263
258
281
282
286
287
283
280
279
284
285
288
294
293
296
297
298
271
335
334
299
337
348
290
291
342
289
273
315
340
333
304
301
308
317
313
323
329
346
341
347
332
325
345
326
305
327
338
309
312
272
339
276
319
303
292
274
350
311
278
320
336
275
328
310
277
307
324
322
349
321
306
314
331
344
343
295
318
302
330
316
365
357
355
360
363
353
364
358
354
356
361
351
359
362
352
371
370
374
373
367
368
369
366
372
402
390
389
387
388
417
406
408
375
386
421
418
419
383
405
376
422
398
403
404
401
400
407
394
396
391
377
382
380
378
384
409
415
420
414
416
423
392
381
410
397
427
411
385
397
427
411
385
395
395
425
425
399
399
424
424
426
426
393
393
413
412
379
428
459
447
480
444
484
483
485
482
474
471
445
486
442
477
455
472
479
468
475
456
451
466
461
453
452
460
458
467
470
463
476
488
464
469
473
454
449
448
430
429
434
433
435
441
440
436
438
450
446
487
437
439
481
431
432
478
489
490
457
527
501
495
491
513
510
520
525
524
511
516
518
517
509
521
507
508
505
504
506
514
515
502
503
500
492
493
494
496
523
526
498
512
519
522
497
499
22
11
10
3
14
17
19
12
21
16
13
15
7
8
9
5
4
1
6
18
20
2
23
24
26
25
27
52
53
49
39
38
31
43
47
46
44
42
45
33
36
30
29
37
41
32
35
28
51
50
48
34
40
59
55
57
54
58
60
61
72
65
69
64
73
70
74
62
68
66
71
63
67
75
76
77
78
81
93
85
82
83
80
79
89
90
84
92
91
96
86
88
87
94
95
102
136
119
113
114
112
98
117
139
141
154
134
125
131
144
132
118
151
149
105
142
128
143
97
135
115
116
150
129
157
138
107
159
127
101
140
130
148
137
120
158
146
123
122
145
133
104
153
156
99
100
160
121
155
106
126
152
103
108
111
110
109
147
124
172
208
178
165
179
196
164
216
161
180
201
226
203
191
224
214
190
195
202
169
186
166
171
225
218
221
185
227
175
219
173
194
176
177
205
170
163
200
174
209
198
210
211
204
215
168
213
220
223
212
167
189
193
199
183
182
222
181
217
184
188
197
162
206
207
187
192
242
243
246
244
241
240
245
239
229
268
266
270
281
297
289
237
238
287
275
292
295
285
236
231
273
265
296
290
249
255
261
278
274
279
264
257
277
259
286
260
288
271
293
283
291
230
272
234
251
232
247
294
252
269
233
258
235
256
254
282
253
263
280
276
284
267
250
262
228
248
298
376
303
360
359
362
363
364
365
332
321
320
317
318
346
336
302
306
381
338
307
316
349
347
348
315
305
335
300
369
308
366
374
350
378
329
333
334
331
330
301
337
370
325
327
322
309
314
312
299
373
379
304
310
319
339
344
368
358
355
377
343
375
372
345
351
323
371
313
380
340
328
361
357
326
354
353
352
356
367
324
342
341
311
413
434
422
419
395
440
421
427
405
420
439
435
436
401
441
437
438
430
404
398
416
423
426
431
442
432
433
403
402
396
399
400
418
383
382
387
386
388
397
394
399
400
418
383
382
387
386
388
397
394
393
389
390
428
424
429
443
444
391
415
392
408
410
412
411
409
407
406
384
385
445
417
448
447
446
414
474
452
485
473
463
482
471
476
461
469
472
462
464
468
460
475
467
478
449
450
451
453
458
480
483
459
484
457
481
465
477
455
454
479
470
456
466
