38
24
16
9
39
44
21
5
2
26
32
34
35
29
30
18
19
25
40
48
33
20
28
8
6
46
45
22
13
15
47
3
17
11
27
43
41
37
12
7
1
4
42
36
14
23
56
58
62
53
63
50
61
65
59
52
60
55
89
77
78
72
92
94
93
90
87
88
83
81
49
84
91
95
85
79
76
75
73
86
80
70
82
74
64
54
66
69
57
68
51
113
124
116
110
120
122
123
101
103
105
106
107
104
96
100
99
97
98
102
121
108
114
112
117
119
111
115
118
109
144
134
139
129
132
140
138
131
143
127
125
126
128
141
130
137
135
142
136
133
150
173
152
167
169
164
156
157
158
166
145
160
168
162
153
155
159
148
154
165
149
147
161
172
170
163
146
174
175
209
179
203
190
183
188
193
176
197
204
206
205
178
207
180
186
192
201
177
210
185
187
208
182
181
189
198
199
184
194
195
202
200
196
191
211
212
213
214
215
216
217
218
268
275
230
264
228
227
251
244
221
255
277
271
254
276
240
279
257
220
219
229
235
241
231
267
278
234
247
250
272
232
246
222
258
274
243
248
269
238
270
260
233
273
226
265
266
262
261
237
236
242
252
223
259
225
263
256
253
245
249
239
224
280
285
300
292
295
287
289
304
288
302
291
293
294
298
281
286
296
301
284
305
299
283
297
282
290
303
306
309
315
307
311
329
333
313
317
319
322
318
325
328
323
332
330
326
327
324
310
316
312
308
321
314
331
320
356
336
335
364
346
343
362
365
351
350
360
344
358
361
342
341
355
338
348
354
345
347
334
339
353
337
349
352
359
363
357
340
366
367
373
370
371
372
369
374
375
376
377
406
407
408
398
386
394
400
383
385
387
378
379
402
403
384
397
405
396
380
404
388
392
381
382
389
395
391
410
409
401
390
393
411
412
413
414
415
433
418
421
417
442
422
416
426
429
424
423
441
430
428
427
420
440
435
438
439
432
425
434
431
436
443
419
437
469
471
464
452
462
451
465
456
463
447
460
455
446
467
466
461
476
453
478
454
450
458
470
457
444
459
445
448
475
449
477
468
473
472
481
480
479
482
483
494
496
514
497
491
490
524
513
509
515
502
495
493
492
505
504
511
487
484
506
485
498
507
522
501
500
508
489
521
523
510
520
499
488
517
518
486
512
519
516
503
525
526
527
528
529
530
531
560
570
565
572
548
545
550
549
546
541
559
542
569
573
544
563
558
554
566
564
543
574
571
562
555
568
552
557
553
567
547
556
551
561
540
537
535
539
538
532
534
536
533
583
586
579
578
580
581
584
587
588
589
577
575
576
585
582
592
591
590
597
601
603
608
600
612
604
614
596
606
594
593
610
609
605
598
602
595
613
611
599
607
1
2
4
3
5
6
7
9
8
11
10
12
14
15
16
17
18
20
19
27
25
24
26
23
22
21
29
28
30
31
32
33
34
35
36
37
38
39
40
41
43
44
45
47
46
48
49
50
51
52
53
54
55
56
57
58
59
60
61
62
63
64
65
66
67
68
69
72
74
71
73
70
75
76
77
78
79
80
81
82
83
84
85
86
87
88
89
90
91
92
93
94
95
96
97
98
99
100
101
102
103
108
104
107
105
106
109
110
111
112
113
114
115
127
120
119
118
116
122
123
126
125
124
129
117
128
121
130
131
132
133
134
135
136
137
138
139
140
141
142
143
144
145
146
147
148
149
150
151
152
153
154
155
156
157
158
159
160
161
162
163
164
165
166
167
168
169
170
171
172
173
174
175
176
177
178
179
180
181
182
183
184
185
190
186
187
191
188
189
192
193
194
198
199
200
201
202
203
205
208
209
206
204
207
234
256
275
278
254
267
281
266
274
268
283
286
287
272
257
265
263
260
261
264
288
289
269
270
284
285
290
279
271
259
258
255
282
276
280
273
277
262
218
232
229
221
222
219
220
225
252
215
240
237
239
217
223
248
233
224
246
244
216
238
250
213
249
228
253
247
210
242
230
251
235
241
211
243
236
245
214
226
212
231
227
293
291
292
294
295
333
332
297
317
315
330
314
308
307
298
296
310
320
319
299
301
328
329
322
300
306
302
312
325
327
318
311
321
316
324
331
313
303
305
304
309
326
323
358
342
344
345
341
350
353
336
352
357
348
346
338
347
349
339
364
343
362
351
337
340
365
335
356
359
363
360
355
354
361
403
406
366
382
405
372
377
421
422
418
400
409
395
415
374
385
375
397
381
420
392
368
367
419
371
380
389
370
404
399
413
376
387
390
386
410
402
379
417
407
393
396
416
383
394
408
373
378
388
369
401
391
398
384
414
412
423
424
425
426
427
428
429
430
431
432
433
434
435
436
440
438
439
437
441
442
443
444
445
446
447
448
457
459
460
454
453
465
458
456
455
467
450
468
461
464
463
451
462
452
449
466
469
470
471
472
473
474
475
476
477
478
483
484
485
480
486
481
482
479
501
496
491
495
494
492
487
488
490
502
500
489
498
499
493
497
503
504
513
515
512
506
510
508
511
519
516
517
514
518
509
505
520
507
525
523
524
521
522
526
527
529
528
530
534
535
539
532
542
544
537
541
540
536
543
531
538
533
545
546
548
547
551
556
553
555
550
549
559
552
554
558
557
561
560
568
566
573
577
574
565
572
571
564
562
579
578
576
569
570
575
563
567
580
581
582
583
591
589
590
594
584
585
588
586
587
593
592
595
601
607
604
610
596
611
603
597
623
616
617
618
620
598
622
619
608
599
615
606
609
602
612
621
625
624
600
613
614
605
626
629
628
627
675
680
656
672
662
664
666
669
667
668
665
657
661
660
658
659
663
670
653
650
642
651
640
632
646
637
634
633
655
648
636
641
644
652
639
645
631
638
647
654
649
635
643
630
676
677
674
679
678
682
673
681
671
688
689
683
687
685
690
684
686
691
697
694
696
695
693
698
703
702
701
700
704
699
692
705
706
707
708
709
710
711
712
713
714
715
716
717
720
719
718
721
722
723
724
725
726
727
750
749
761
762
745
735
760
738
752
746
780
764
774
772
776
770
733
768
739
753
755
748
771
779
759
778
736
758
766
775
741
751
742
731
769
782
773
744
728
781
763
765
732
777
740
729
767
734
730
756
757
743
754
737
783
804
814
813
809
834
811
839
808
789
802
825
807
795
817
816
831
830
810
836
832
790
835
803
821
823
815
801
818
788
787
799
812
833
784
820
824
829
793
798
791
827
828
792
785
797
794
796
826
806
822
840
819
800
786
837
838
841
842
844
843
846
845
847
848
849
898
899
900
894
893
905
897
896
895
908
907
890
887
909
888
886
901
910
904
903
891
902
892
889
885
906
879
874
876
868
858
866
857
869
863
867
852
854
862
851
872
870
850
882
859
884
861
856
864
875
880
860
865
871
853
881
855
883
873
878
877
911
912
913
915
937
914
941
956
965
927
930
960
961
962
954
924
922
967
944
969
966
970
948
963
923
940
925
952
943
953
936
946
958
934
928
933
931
917
918
916
932
959
950
949
945
938
929
942
935
921
920
951
919
939
947
968
955
957
964
926
