26
27
1
28
39
44
29
17
22
21
14
24
11
6
31
5
3
16
7
36
13
33
30
20
38
32
43
40
10
34
9
41
23
25
42
4
8
45
15
37
35
12
19
18
2
64
49
55
54
61
58
46
57
56
48
47
59
63
53
60
66
62
65
50
51
52
450
618
616
587
652
565
468
409
408
186
480
537
434
460
667
264
67
440
403
369
153
566
293
444
213
378
452
704
282
709
372
93
87
260
78
402
131
379
120
564
338
544
410
326
91
72
335
428
432
311
256
303
471
472
457
458
373
534
568
380
216
212
448
193
359
245
334
666
478
492
105
281
491
103
346
208
435
197
154
439
214
411
226
505
459
397
304
317
255
83
96
88
482
529
577
175
177
125
176
172
179
561
517
94
464
697
658
134
681
77
490
423
113
345
569
325
273
320
200
404
201
305
92
70
81
111
108
71
104
89
102
98
76
86
716
717
419
400
155
286
383
290
292
365
250
109
417
327
368
407
270
366
415
123
347
115
308
170
117
421
405
382
371
719
107
128
416
466
399
118
121
307
233
82
126
248
95
249
295
384
129
236
413
99
420
414
271
465
73
324
287
206
385
124
158
393
160
194
191
190
192
246
442
204
361
362
269
354
360
215
353
364
520
225
331
224
244
329
240
328
344
247
504
253
313
261
283
298
299
301
280
300
69
195
207
391
474
398
389
443
528
262
494
445
557
333
437
296
488
302
545
254
425
499
294
116
309
447
243
429
524
536
516
522
535
546
549
173
141
388
720
392
181
433
232
551
527
217
514
318
730
547
312
525
140
267
350
559
387
277
146
337
297
518
330
538
515
159
496
157
279
502
475
506
377
503
314
486
489
139
732
332
446
463
315
530
132
441
554
461
531
521
374
187
436
550
718
493
394
509
349
508
401
84
406
238
229
484
114
235
97
467
119
288
519
455
507
278
694
272
721
556
702
590
594
595
596
659
661
589
599
600
656
657
597
598
668
669
670
698
695
696
672
664
593
592
591
588
585
580
693
677
674
168
660
424
142
427
196
178
138
209
650
700
676
678
662
663
581
699
438
511
543
510
182
601
483
532
542
665
381
673
555
390
316
563
363
133
265
145
341
156
431
218
259
526
533
449
319
430
501
548
523
220
144
143
358
479
539
735
701
715
342
230
258
355
703
376
90
477
171
183
219
306
185
180
130
422
375
684
485
671
690
692
418
85
135
686
161
75
680
74
210
412
136
541
211
242
473
654
147
572
110
386
284
285
573
481
723
710
127
251
487
370
149
469
454
167
164
162
169
166
713
645
624
552
712
711
722
708
188
165
112
728
727
151
685
574
729
707
714
734
150
733
582
583
584
567
687
80
679
683
655
189
731
199
198
68
106
222
223
202
512
470
79
553
310
500
476
426
263
579
726
274
275
276
540
689
691
688
682
586
137
321
322
323
576
163
571
351
352
227
339
340
152
228
148
289
705
497
498
221
724
558
266
706
257
184
234
725
241
367
356
357
653
203
396
560
291
268
651
348
612
611
613
609
610
608
614
607
606
605
604
603
602
647
648
649
578
675
395
513
252
575
174
343
562
231
205
644
640
638
635
615
617
625
646
237
495
643
239
639
641
642
637
636
634
633
629
630
631
632
628
627
626
622
623
621
620
619
336
122
451
100
101
453
570
462
456
736
737
738
739
740
767
763
755
757
742
758
769
743
768
756
764
754
759
761
762
760
765
744
752
745
747
748
746
753
749
766
751
741
750
770
773
774
771
772
775
776
778
780
784
781
783
777
779
785
787
782
800
798
801
795
799
802
797
794
792
793
791
790
796
789
788
786
808
811
810
814
813
822
812
818
803
815
816
820
809
819
807
817
805
806
804
821
839
829
831
830
824
827
837
825
826
836
834
835
828
833
840
832
823
838
844
841
843
845
846
848
847
842
945
956
1056
954
885
903
940
941
1046
881
976
992
895
1071
1058
901
879
1067
1070
906
1020
981
988
1001
979
1068
891
1011
971
966
967
972
964
955
982
873
963
975
1017
1021
1062
1009
1060
974
1016
980
1014
998
1019
864
866
905
887
897
889
892
899
877
996
994
912
959
969
914
962
883
952
949
942
849
851
855
857
859
861
863
865
867
868
870
869
890
924
888
922
886
921
872
871
928
896
926
919
894
932
893
918
917
853
930
929
916
920
923
925
915
913
910
909
911
908
904
900
902
933
854
856
862
852
850
931
993
898
860
986
1065
1069
1010
938
943
944
965
984
946
977
1073
1074
1086
1064
1039
907
970
858
927
953
1088
1087
1085
1066
1002
1004
1003
997
999
1000
987
991
995
983
1005
1006
1038
1047
1049
1050
1061
1063
1024
1057
1059
875
1054
1032
1034
1036
1028
1030
1052
1053
1026
1048
968
1075
874
1076
1077
1078
876
1079
878
1080
880
882
1082
884
1083
1084
935
1072
978
958
989
990
973
1081
1055
934
1037
1041
1042
1044
1031
1033
1035
1022
1029
1012
1023
1025
1027
1045
1040
1043
1008
1018
1051
1015
1013
1007
960
961
985
937
951
947
948
950
957
936
939
1
2
3
4
5
6
7
9
8
10
11
12
13
14
15
16
17
18
19
20
21
22
23
24
25
26
27
28
29
30
31
32
33
34
35
36
37
38
39
40
41
42
43
44
45
48
46
47
49
50
51
52
53
54
58
61
59
64
60
63
56
55
62
57
66
83
81
84
82
74
73
80
79
75
76
69
71
72
77
70
78
68
67
65
98
89
93
87
90
100
88
95
86
91
92
85
97
96
99
94
101
102
103
104
105
107
106
108
109
110
111
112
113
114
115
116
117
118
119
120
129
131
132
128
130
165
161
162
164
156
129
131
132
128
130
165
161
162
164
156
163
154
160
153
157
158
155
145
134
148
149
159
133
147
146
152
151
144
140
138
149
159
133
147
146
152
151
144
140
138
139
141
142
125
126
150
124
135
127
123
122
121
166
143
137
136
