7893
7924
7946
8110
7487
7657
8202
7361
7925
7259
7293
7989
7320
7661
7326
8111
7197
7433
7170
7280
7668
7933
7195
7196
7367
7403
8148
8003
7610
7342
7382
7994
7860
8181
7181
7871
7978
7179
8189
7902
7633
7934
7976
7209
7992
8100
7707
7461
7782
7673
7617
7319
8200
8123
7270
7177
7281
7185
7180
7178
7563
7442
7712
7182
7175
7184
7613
7429
7199
7529
7603
7257
7666
7523
7450
7186
7191
7192
7355
8109
8195
7625
7672
7518
8187
7409
8104
7995
7638
7555
7506
8139
7156
8190
7619
7676
7350
7659
7428
7324
7323
7159
7449
7422
7423
7979
7322
7548
7452
7483
7601
7436
7443
7160
7966
7637
7983
7149
7662
8101
7998
7996
7709
8106
8208
7968
7972
8108
7981
7649
7651
7780
7799
7800
7394
7419
7416
7412
7678
7634
7176
7264
7795
7803
7785
7606
7829
7867
7474
8153
7426
7898
7519
7521
7406
7410
7411
7669
7307
7432
7314
7990
7542
7544
7294
7283
7183
7136
7285
8147
7516
7505
7522
7699
7967
7545
7556
7198
7510
7372
7373
6927
7068
7085
6925
6918
7087
6881
6926
6933
6935
6951
6921
6908
7080
6905
6912
7070
7086
7069
6941
6916
6904
6917
7074
6957
6950
7067
6911
7076
6886
6943
6948
7089
6910
7072
6903
7066
6915
6874
6955
6906
7090
6909
7093
6920
6922
6953
7083
7065
6914
6929
7064
6924
7071
6880
7088
6913
6882
7077
7084
6949
7091
6932
7062
6923
6901
7063
7073
6930
6878
6942
6883
6907
6885
6954
6884
7075
7374
6945
6947
7711
7663
7466
7400
7517
7286
7942
6944
6902
6897
7463
8168
7553
7341
6931
7110
7339
7500
8142
7164
7849
7848
7766
7608
7655
7550
7549
7656
7249
8169
7825
7784
7607
7535
7906
7907
8207
7536
7691
7997
8205
8206
7547
7943
7648
7714
7713
7557
7269
7171
7520
7491
7999
7694
7970
8196
7467
6879
8018
7502
7903
7866
7632
7311
7316
7347
7935
7936
7526
7453
7454
7455
7772
7928
7911
7960
7945
7749
7883
7939
7962
7961
7773
7765
7776
7977
7957
7952
7959
8125
8077
7937
7956
7955
7988
7991
7777
7886
7888
8102
8083
8082
8078
8071
7872
7834
7878
7877
7926
7953
7958
7944
7974
7965
7670
8060
7688
8062
8112
6753
7927
7781
7783
7745
7746
8017
7843
8047
8015
7723
7929
7904
8114
8107
8094
8095
7909
7774
8159
8157
7770
8000
7824
7767
7750
7751
8009
8001
8005
8016
7954
8014
8010
8011
7885
7884
7890
7757
7897
7875
7675
7268
7605
7567
7618
7596
7599
7441
7451
7622
7626
7154
8075
7554
6729
6730
6731
6732
6733
6734
6735
7053
6736
7054
6737
7055
6739
6740
6741
6716
6717
6720
6721
6722
6723
6724
6725
6726
6727
6728
7056
7057
7058
7059
6966
6692
7019
7020
6693
7021
7033
6694
6976
6978
6695
6887
6890
6696
6891
6697
6698
6699
6700
6701
6702
6842
6843
6844
6845
6846
6847
6849
6850
6851
6853
6854
6855
6856
6777
6779
6780
6781
6782
6892
6893
6783
6894
6895
6784
6747
6785
6749
6750
6752
6787
6858
6788
6862
6790
6865
6792
6768
6793
6738
6748
6841
6971
7524
7150
6718
6982
6852
7485
6888
7297
6968
6762
7025
7527
8183
7630
7172
8034
8197
7851
6719
7060
6674
6715
7481
7478
7371
8225
8226
8227
8236
7515
7919
6759
7558
7932
7425
7211
7213
7404
7218
7238
7237
7210
7207
7343
6773
7291
6868
7778
6857
7501
7896
7863
7759
7418
7290
8184
8128
7586
7585
7584
7595
7590
7589
7438
7235
7435
7578
7242
7472
7308
7312
7579
7581
7399
7378
7582
7420
7414
7220
7239
7223
7222
7437
7226
7562
7561
7559
7227
7224
7225
7427
7431
7248
8191
7512
7507
7384
7660
7631
7206
7200
7636
7815
7779
7464
7388
7387
7250
7574
7434
7588
7576
7577
7575
7804
7279
7398
7816
6746
7276
7277
8073
7407
7306
7016
7375
7444
6969
7034
7949
7205
7041
7061
7982
7460
7642
7029
8067
6789
7321
6986
6766
7641
7381
6864
6860
6861
7167
7753
7260
8113
7732
6765
7801
7593
7448
7667
7687
6816
7748
7573
7580
7511
8193
6824
7537
7513
6963
7639
7644
7653
6959
8039
7538
7252
6679
7345
8087
7261
7338
7094
7647
7332
6682
7298
7583
8194
7645
7012
6898
6808
6809
7123
6675
6763
7317
7841
8199
8076
7134
7135
7208
8040
8056
7299
7300
7301
7304
7891
7881
7760
7762
6771
7038
7805
8179
7204
8048
8130
7017
8222
7844
7026
7725
8176
7821
7771
7818
7823
7292
7755
7756
8178
8180
7701
6840
8050
7859
7392
7232
7730
7333
7894
7236
7219
7741
7217
7010
7052
6826
6770
7973
7255
7430
7124
7272
7468
8220
8007
7480
6802
7733
6757
6962
7794
7993
7473
8053
6937
6760
7490
7247
7503
7504
7852
6807
7840
7739
6772
8235
8103
8049
7913
7920
7469
8217
8135
7790
7166
8223
8188
7244
7245
7445
8061
6996
6997
8065
8079
8080
8081
7918
7917
7476
7477
6835
7114
7623
7802
7161
7162
7163
7165
7253
6745
6919
6767
7985
7002
6775
6804
6810
6800
7850
7494
8146
6825
7122
7113
7045
7044
7106
6831
6817
6819
6795
6794
6756
6791
6836
7658
6839
7421
7120
7284
7496
8008
8099
7243
7695
7679
7677
7395
7265
8012
8006
8004
7980
8116
8143
7646
7738
7987
7488
7039
7008
7498
7379
6797
7127
6751
8201
6934
7370
7543
7947
7528
7013
7368
7514
7130
6940
7912
7754
7440
7752
7446
6801
7895
6984
6992
6999
6813
6690
7486
6811
7484
7482
7027
8237
7817
7819
7820
7914
7119
7302
6778
8231
8232
7459
6815
7202
7187
7188
6936
7325
6764
7092
7305
8022
7591
7592
7397
7742
8238
7768
7769
7173
7174
7262
7263
6754
7148
7822
7353
8037
7650
7832
7830
8233
7831
8138
7380
7807
7254
7915
7128
6712
7495
7246
7842
7870
6684
6685
6686
8186
8072
8209
7635
7229
7736
7950
7951
6755
7720
8134
7854
7855
7465
7531
7868
7869
7862
7462
8173
8174
7697
7761
8020
8044
8041
8045
8043
7389
7390
6834
8068
7539
8154
7256
7258
7356
7359
7887
7889
7882
7609
7611
7614
7413
7969
8119
8122
6867
6805
7654
7121
7587
6678
8144
6786
7415
7144
7439
8051
8052
7546
7479
6946
7303
7318
8088
8096
8097
8098
6689
7839
7357
7360
7489
7643
6744
8074
8032
8086
7718
7948
7203
8221
8216
7475
7674
7499
7721
6708
7874
7963
8198
7846
7116
7117
6806
7126
8126
6837
7763
7383
7104
7856
7103
8171
7105
6672
7315
6814
7351
7131
6869
7627
7046
7018
7628
6714
7081
7228
7525
7036
7000
6991
6704
7921
6965
7274
7273
7366
7376
6769
7826
6820
7837
7975
6776
7032
7009
7022
6803
6799
6981
6821
6829
6798
6812
7023
7001
7005
8203
8204
7602
7640
6987
8132
6848
6977
6870
6866
6830
7037
7101
7145
7335
7334
7133
7132
7234
6671
7147
7715
8028
7040
7337
7729
7365
7369
7336
7221
7565
8165
8163
7865
8090
7532
8038
8172
7806
8170
8145
7624
8129
7833
8192
6705
7125
7828
7031
7030
8152
8151
8046
8091
7157
7043
7600
6670
8057
7941
7845
7551
7295
7775
6985
6960
7102
7417
7313
7892
7858
7364
7363
7362
7396
8182
7405
7621
6691
7880
7857
8055
8093
8013
7706
7115
6964
6939
7764
7348
7349
6961
8219
6822
6823
8158
7604
7864
8141
8066
8064
7111
6989
8140
7082
7346
8120
6774
8161
8185
7288
7861
8218
6761
8212
8211
8210
7287
7598
6972
8035
7231
7230
6983
8115
6758
6703
6952
6706
7112
7814
8054
8213
7931
7791
7910
6928
6743
7215
7216
7214
7530
7471
7470
7813
7564
7552
7146
7879
6859
6713
6707
8131
7393
7344
7930
7275
6889
7129
8070
7731
7686
8021
7809
8069
7629
6938
7014
7024
7007
6998
7015
7271
7509
8019
6827
7107
6818
7296
7923
7327
7328
7330
7329
7331
7876
7726
7727
7728
7835
7724
7908
7620
7743
6677
7158
7922
7698
7971
7717
7139
7141
7142
7143
7137
7138
6710
6709
7734
6980
6979
6828
7740
6863
8137
7251
8156
7735
7095
7140
7289
7354
6872
7190
7189
7282
7233
7508
8136
7797
7796
7689
7690
7916
6896
7011
6711
6967
7744
8084
7719
7042
6742
7899
7700
6796
8025
8026
8175
8149
8150
8214
7747
7051
7006
7722
8023
8117
7169
7168
7358
7597
7155
7758
7788
7692
7693
7705
7704
7702
7703
7566
7240
8124
7984
7986
6994
6995
7079
6990
7447
6973
6974
6975
8033
7671
8239
8240
8241
8242
8243
8244
8245
8246
8247
8248
8249
8250
8251
8252
8253
8254
8255
8256
8257
8258
8259
8260
8261
8262
8263
8264
8265
8266
8267
8268
8269
8270
8271
8272
8278
8275
8274
8273
8276
8279
8277
8280
8281
8282
8283
8284
8285
8286
8287
8288
8289
8290
8291
8292
8293
8293
8294
8295
8296
8297
8298
8299
8300
9093
9166
9165
8952
8704
9201
8954
9006
9007
9069
9205
8556
8755
8953
8786
8787
9114
9042
8500
8533
8516
8517
8678
8677
9036
9275
8346
8344
8345
9086
9075
9226
9085
9276
8684
8881
8703
9277
9119
9117
9137
9136
9134
9131
9115
9113
9112
9111
9109
9108
9107
9105
9104
9103
9102
9101
9100
9099
9118
9084
9083
9081
9080
9079
8377
8724
8727
8571
8796
8785
8789
8908
8768
8670
8692
9051
8699
9009
8565
8665
8843
8679
9040
8898
8602
9048
9146
8686
8859
8819
8305
9163
8650
8613
8435
8873
8604
8921
9143
9241
8857
9152
9236
8330
8549
8747
8539
9250
8326
8809
9209
8621
9217
9218
8654
9245
8710
8783
8303
8378
8811
8563
8920
8838
8780
8455
8910
8915
8430
8383
8564
8306
9060
8853
8552
8384
8577
8558
8759
8599
8579
8584
8806
8605
8767
8475
8591
8895
8576
9149
8794
8542
8446
8709
8876
9151
8836
8307
8738
8672
9027
8842
8807
8432
8314
8766
8482
8888
8610
8802
8917
8884
8479
8611
8929
8808
8817
8331
8550
8844
8841
8890
8466
8467
8667
8896
8875
8557
9212
9144
8468
8862
8603
9247
9125
9123
9121
9120
8369
9156
8854
8601
8488
9058
8661
8713
8829
8431
8480
8826
8408
8340
8333
8483
8514
8831
9053
9147
9213
8578
8470
9148
9039
9061
8863
8325
8313
9110
8706
8471
8506
8707
8827
8956
9090
9257
9106
9187
8553
8363
8899
8456
8588
8651
8614
8541
8799
9012
8451
9219
9077
8795
9161
8524
8965
8870
9015
9032
8683
8964
8967
8968
8971
8970
8972
8961
8963
8317
8969
8304
9159
8730
8708
9164
8454
9214
9167
9072
8966
8463
8916
8701
8583
9076
8848
8634
9155
8318
9031
8316
8805
9235
9252
9071
9082
8387
8355
8714
9124
8812
9116
8813
9233
8985
8991
8364
9064
8315
9202
8987
8978
8734
8988
8990
8994
8459
8993
8995
8996
8976
9033
9037
8986
9098
9097
9096
9095
9094
9091
9258
9255
9253
9251
9128
9127
9126
8951
9172
9196
8559
8382
8404
8508
8865
8416
8385
9192
8904
8572
8897
8694
8574
8356
8349
8448
8427
8596
8600
9001
8424
8658
8582
8782
8548
8680
8414
8839
8846
8660
8696
8878
8425
8644
8728
8504
8615
8835
9230
8756
9154
8874
8628
9057
8664
8821
8822
8793
8652
8523
8546
8319
8828
8437
8617
8618
8860
8662
8338
8413
8547
8620
8347
8301
8520
9005
8302
9249
8381
8589
8447
8322
8824
8361
8569
8567
8698
9237
8619
9021
8442
8358
8406
8417
8372
8761
8900
8855
8856
8889
8891
8902
8641
8312
8336
9265
9059
9065
8623
8587
8907
8418
8562
8337
8343
8362
8450
8439
8443
8472
8465
9158
8481
8737
8535
8311
8339
8669
8823
8507
8477
8489
8342
8903
9054
8496
8616
8398
8635
8700
8718
8640
8779
8790
8788
9029
8386
9246
8371
8370
9044
9074
9047
8998
9070
9028
9008
9003
8869
8866
8503
8490
9242
8380
9266
8681
8746
8705
8374
9210
9055
8770
8595
8341
9073
8624
8671
8612
8885
9004
9227
8627
8597
8784
8815
8638
8570
8633
8711
8598
9022
8630
8423
8438
8401
9062
8775
8791
8389
8394
8433
8510
8400
8357
8498
8690
8740
8792
8825
8639
8911
8518
8461
8512
8376
8360
8526
8957
8712
9025
8758
8632
8538
8566
8575
9150
8702
8733
8497
8536
8525
8310
8803
8580
8745
8919
8543
8402
8429
8493
8521
8522
8353
9208
8485
9193
8352
8354
8473
9215
8528
8820
8502
9002
8719
9231
9157
8729
8509
8726
8655
8852
8484
8492
8636
8365
8501
8527
8545
8764
9030
9162
8962
9138
9232
8905
9216
8422
8663
8328
9225
9248
8366
8814
8997
8659
8421
9206
8774
8674
8778
8445
8979
8977
8974
9000
9211
8955
8441
8981
8980
8975
8973
9018
9176
9016
9035
9179
9267
8992
8403
9050
8982
8983
8984
9240
8412
8405
9181
8927
8732
8309
8486
9034
8581
8335
8561
8367
8476
8393
8999
8653
8415
8668
8529
8735
9010
8530
8426
8321
8810
8327
9239
8749
8906
9244
9046
9222
8673
8867
8544
8375
9203
9229
8739
8773
8830
8397
8329
8648
8871
8464
8444
8912
8457
8656
9243
8731
8736
9269
8622
8864
8851
8781
8861
8594
8399
8847
8537
8494
8505
9223
8411
8818
8697
8676
9268
8515
8534
9026
8849
8499
8637
8715
8913
8462
8800
8832
8449
9063
8469
8629
9052
8666
8901
8395
8392
8754
9043
8643
8453
8409
8695
8452
9228
8691
8693
9023
8928
8645
8877
8893
8511
8513
8495
8359
8368
8348
8434
8308
8887
8883
8606
8396
8958
8750
8748
8894
8540
8487
8440
8390
8560
9224
9145
8879
8880
8626
9153
8324
9068
8551
8840
8850
8460
8428
8391
8388
9078
9262
9261
9259
8458
9278
8918
8932
8933
8934
8936
8937
8938
8939
8940
8941
8942
8943
8944
8945
8948
8949
8950
8947
8946
8935
9200
8989
8419
9194
8474
8801
8323
9160
8771
9263
8845
9011
9204
8478
8532
8531
9254
8607
8373
9199
9020
8436
9207
8769
9182
9198
8765
8752
8751
9171
8804
8914
8720
8723
8722
8721
9220
8752
8751
9171
8804
8914
8720
8723
8722
8721
9220
9180
8688
8687
8725
9264
9045
8554
9017
9190
8682
8757
8585
8410
9014
8647
8586
8642
9234
9122
8334
9221
8760
9175
8646
8872
8741
8742
8743
9024
8675
9260
9130
9129
8837
9056
9135
8959
8568
9186
8379
8649
9013
9173
9272
9066
9067
9133
9132
8797
8798
9197
8960
9238
8657
8882
8762
8763
8350
8519
8332
8833
8834
8924
8925
8753
8573
8608
8609
8923
9195
9189
9191
8909
9183
9184
9185
8776
8777
9092
9178
9168
8926
8351
9177
8922
8420
8868
8717
9041
8320
8631
8555
8744
9270
9271
9174
9140
9139
9141
9142
9273
9274
8772
9038
8491
8625
9019
9188
9087
8689
8858
9088
9089
9170
8407
9169
8592
8593
8886
9256
8892
9049
8685
8816
8716
8590
8931
8930
9281
9387
9322
9337
9399
9286
9403
9500
9501
9382
9279
9291
9417
9398
9472
9438
9436
9435
9445
9442
9443
9334
9359
9363
9367
9358
9374
9396
9366
9405
9294
9293
9378
9360
9331
9310
9394
9457
9303
9496
9492
9495
9480
9477
9317
9333
9344
9420
9456
9343
9339
9397
9304
9295
9305
9478
9365
9380
9301
9416
9377
9471
9484
9393
9391
9290
9497
9490
9383
9313
9422
9430
9474
9390
9473
9402
9470
9370
9389
9284
9287
9462
9306
9376
9469
9381
9325
9450
9447
9446
9338
9315
9483
9485
9332
9323
9364
9312
9347
9299
9410
9328
9432
9316
9411
9329
9351
9429
9418
9481
9346
9505
9283
9282
9426
9285
9455
9309
9467
9327
9326
9373
9371
9440
9401
9348
9414
9498
9421
9424
9369
9368
9320
9388
9454
9452
9453
9451
9479
9321
9488
9319
9289
9499
9324
9441
9379
9362
9297
9357
9419
9413
9486
9406
9408
9298
9493
9491
9354
9386
9302
9335
9353
9352
9439
9487
9341
9504
9489
9296
9506
9433
9412
9502
9308
9361
9494
9434
9415
9460
9459
9307
9345
9349
9385
9384
9330
9404
9392
9395
9355
9356
9476
9280
9503
9311
9482
9336
9318
9427
9428
9407
9314
9350
9423
9449
9448
9425
9431
9409
9468
9437
9458
9461
9463
9464
9465
9466
9444
9340
9292
9342
9400
9375
9475
9300
9372
9288
9520
9521
9522
9726
10138
10140
10134
9737
9517
9524
9528
9516
9629
9662
9538
9539
9681
9608
9967
9957
9958
9968
9969
9981
9980
9979
9978
9977
9976
9975
9974
9973
9972
9971
9970
9959
9960
9961
9962
9963
9964
9965
9966
9993
9992
9991
9990
9989
9988
9987
9986
9985
9984
9983
9982
10012
9697
10016
10004
10003
10002
10010
10009
10008
10007
10006
10005
10001
10000
9999
9998
9996
9995
9994
10014
10013
10011
9997
10015
9611
9657
9879
9653
9684
9552
9660
9665
10132
10095
9557
9558
9661
9569
9568
9566
9565
9564
9563
9562
9561
9560
9559
9540
9541
9543
9546
9547
9548
9549
9550
9551
9553
9675
9537
9535
9534
9536
9672
9671
9610
9669
9614
9612
9609
9607
9606
9605
9603
9630
9628
9627
9625
9624
9623
9622
9670
9884
9889
9890
9913
9901
9667
9621
9619
9618
9617
9615
9601
9600
9598
9597
9596
9595
9594
9593
9592
9590
9581
9582
9583
9584
9585
9587
9588
9591
9579
9578
9577
9576
9575
9574
9573
9571
9572
9632
9530
9529
9525
10128
10104
10135
10122
10099
10107
10124
10083
10129
10117
10131
10098
10111
10119
10103
10114
10112
10106
10101
10109
10096
10097
10130
10127
10116
10079
10086
10118
9688
9689
9685
9604
10110
10090
10136
9777
9782
9784
9781
9783
9780
9746
9757
9779
9778
9774
9772
9770
9765
10125
10115
9748
9747
9744
9743
9742
9741
9740
9756
9755
9754
9753
9752
9751
9750
9749
9776
9775
9773
9771
9769
9768
9767
9766
9764
9762
9761
9760
9759
9758
9824
9554
9570
9620
9677
9868
9716
9719
9712
9718
10123
10121
10108
10100
9519
9580
9589
9599
9706
9626
9586
10094
9888
9885
9881
9880
9882
9883
9886
9887
9892
9893
9896
9895
9894
9891
9904
9900
9897
9898
9902
9903
9929
9906
9928
9907
9908
9927
9909
9910
9925
9924
9923
9920
9914
9911
9912
9922
9919
9918
9916
9915
9926
9921
9899
9917
9905
9567
9542
9613
9616
9659
9650
9649
9825
9826
9831
9819
9821
9828
9791
9809
9792
9870
9814
9816
9745
9545
9631
9664
9812
9843
9815
9788
9823
9817
9820
9837
9829
9807
9810
9833
9832
9787
9827
9663
9785
9786
9806
9803
9802
9801
9800
9834
9822
9793
9813
9808
9841
9840
9839
9838
9836
9835
9846
9789
9799
9796
9763
9790
9699
9866
9869
9867
9805
9811
9804
9852
9851
9795
9797
9798
9830
9794
9853
9850
9842
9849
9848
9847
9844
10105
9696
10139
9708
10137
9845
9854
9855
9857
9859
9861
9863
9872
9873
9876
9874
9856
9864
9862
9865
9875
9871
9878
9877
9858
9860
9709
9727
9531
9733
9730
9738
9711
9939
9818
9691
9944
9952
9931
9930
9932
9947
9948
9933
9694
9956
9934
9936
9695
9736
9731
9714
9658
9951
9943
9940
9941
9942
9945
9946
9949
9950
9953
9954
9955
9935
9937
9938
9710
9698
9602
9728
9729
9715
9725
9634
9639
9640
10092
10091
10093
9678
9687
10126
9686
9635
9636
9637
9638
9642
9643
9556
9654
9651
9739
10120
9720
9532
9533
10177
10178
10179
10180
10181
10182
10183
10184
10185
10186
10187
10188
10189
10190
10192
10193
10194
10195
10196
10197
10198
10199
10200
10201
10202
10152
10153
10154
10155
10156
10157
10158
10159
10160
10161
10162
10163
10164
10165
10166
10167
10168
10169
10170
10171
10172
10173
10174
10175
10176
10142
10143
10144
10145
10147
10148
10149
10150
10151
10146
10133
10141
10102
9734
9526
9527
10080
9721
9722
9693
9666
9717
10191
9645
9648
9646
9644
9655
9656
10113
9641
9647
10047
10048
10049
10017
10018
10019
10020
10021
10022
10023
10024
10025
10026
10027
10028
10029
10030
10031
10032
10033
10034
10035
10036
10037
10038
10039
10040
10041
10042
10043
10044
10045
10046
10050
10051
10052
10053
10054
10055
10056
10057
10058
10059
10060
10061
10062
10063
10064
10065
10066
10067
10068
10069
10070
10071
10072
10073
10074
10075
10076
10077
10078
10081
10082
10084
10085
10087
10088
10089
9518
9544
9555
9713
9508
9509
9510
9633
9673
9705
9511
9512
9513
9652
9707
9680
9683
9702
9507
9514
9682
9703
9523
9515
9735
9674
9676
9679
9692
9690
9701
9732
9704
9668
9723
9700
9724
10409
10631
10772
10681
10682
10598
10599
10454
10911
10543
10274
10797
10902
10903
10568
10596
10933
10845
10844
10804
10632
10591
10901
10696
10611
10800
10284
10875
10885
10485
10570
10571
10361
10362
10897
10898
10899
10900
10595
10369
10867
10612
10704
10910
10764
10767
10855
10613
10614
10869
10783
10464
10743
10777
10878
10882
10866
10929
10798
10930
10932
10931
10880
10733
10734
10735
10736
10490
10415
10727
10923
10717
10721
10877
10876
10921
10794
10822
10823
10491
10495
10448
10449
10231
10235
10806
10846
10623
10618
10621
10622
10620
10840
10729
10728
10920
10484
10610
10608
10585
10587
10586
10544
10526
10327
10312
10383
10376
10433
10338
10289
10395
10203
10204
10205
10207
10208
10214
10213
10212
10209
10219
10220
10223
10224
10225
10226
10227
10250
10249
10248
10246
10245
10244
10243
10242
10241
10239
10238
10237
10268
10286
10285
10283
10281
10278
10276
10275
10273
10272
10271
10269
10442
10441
10440
10439
10437
10443
10444
10445
10446
10447
10405
10406
10407
10408
10411
10412
10422
10421
10419
10418
10417
10416
10413
10353
10354
10356
10357
10358
10359
10360
10371
10370
10368
10367
10366
10365
10364
10363
10301
10302
10303
10304
10305
10307
10308
10309
10321
10320
10319
10318
10317
10316
10315
10536
10535
10534
10533
10532
10530
10537
10538
10539
10540
10541
10542
10648
10647
10646
10644
10643
10642
10641
10640
10639
10649
10650
10651
10652
10653
10654
10656
10657
10658
10521
10520
10519
10518
10517
10516
10515
10514
10513
10512
10511
10510
10509
10546
10547
10548
10549
10550
10551
10552
10553
10554
10555
10556
10559
10560
10297
10324
10251
10265
10557
10277
10355
10211
10206
10404
10257
10393
10342
10436
10420
10221
10375
10314
10467
10347
10624
10679
10349
10215
10346
10348
10350
10352
10387
10386
10385
10384
10380
10379
10378
10377
10374
10373
10401
10402
10403
10435
10434
10432
10431
10430
10429
10428
10427
10426
10425
10424
10423
10336
10337
10339
10340
10343
10345
10325
10323
10322
10254
10255
10256
10258
10260
10261
10262
10263
10266
10267
10282
10279
10388
10389
10390
10391
10392
10396
10397
10399
10398
10216
10217
10222
10247
10287
10288
10290
10291
10292
10293
10294
10295
10296
10298
10299
10300
10335
10334
10333
10332
10331
10330
10329
10328
10326
10232
10465
10791
10737
10564
10805
10731
10672
10626
10854
10499
10636
10469
10472
10746
10690
10210
10676
10567
10666
10680
10796
10655
10668
10236
10635
10565
10466
10678
10687
10264
10609
10738
10625
10671
10665
10593
10629
10522
10848
10627
10351
10594
10838
10496
10698
10662
10663
10545
10637
10500
10701
10700
10602
10381
10852
10853
10670
10712
10455
10507
10835
10528
10904
10706
10707
10470
10863
10864
10879
10759
10780
10883
10710
10709
10458
10756
10438
10725
10394
10925
10924
10760
10459
10460
10723
10722
10563
10711
10742
10683
10619
10718
10856
10739
10819
10638
10702
10847
10730
10675
10843
10762
10601
10922
10758
10473
10474
10527
10927
10881
10229
10497
10830
10832
10831
10580
10763
10744
10607
10600
10849
10699
10814
10820
10674
10606
10790
10566
10857
10858
10525
10872
10912
10694
10873
10874
10907
10909
10603
10908
10769
10770
10919
10829
10905
10306
10382
10230
10913
10896
10719
10502
10503
10508
10259
10493
10494
10531
10928
10745
10836
10837
10839
10851
10463
10633
10914
10233
10234
10740
10842
10498
10524
10841
10766
10592
10887
10888
10240
10400
10414
10501
10834
10645
10768
10270
10628
10450
10410
10757
10573
10724
10691
10886
10253
10252
10577
10575
10574
10576
10661
10659
10660
10669
10667
10894
10827
10605
10818
10862
10860
10868
10741
10889
10781
10807
10785
10916
10692
10588
10802
10810
10833
10486
10817
10483
10815
10826
10778
10779
10828
10771
10773
10372
10918
10468
10859
10782
10716
10720
10562
10561
10892
10558
10816
10754
10776
10529
10664
10801
10579
10695
10452
10604
10789
10774
10803
10477
10453
10451
10915
10492
10457
10684
10891
10461
10462
10578
10917
10480
10934
10761
10871
10870
10714
10697
10884
10478
10708
10787
10597
10677
10688
10689
10456
10752
10753
10751
10750
10749
10344
10685
10686
10821
10471
10581
10813
10812
10850
10280
10775
10488
10861
10893
10799
10786
10788
10703
10755
10341
10895
10865
10482
10732
10793
10795
10630
10479
10572
10634
10487
10228
10311
10310
10313
10824
10825
10890
10715
10726
10713
10476
10475
10705
10590
10589
10218
10926
10792
10673
10747
10748
10489
10583
10584
10582
10811
10693
10506
10504
10505
10569
10481
10523
10906
10765
10784
10616
10617
10615
10809
10808
1
2
3
4
5
6
7
8
9
10
11
12
13
14
15
16
17
18
19
20
21
22
23
24
25
26
27
28
29
30
31
32
33
34
35
36
37
38
39
40
41
42
43
44
45
46
47
48
49
50
51
52
55
56
65
61
57
62
67
64
63
54
55
56
65
61
57
62
67
64
63
54
60
53
59
58
66
60
53
59
58
66
80
68
81
82
77
79
75
73
72
83
71
69
85
86
84
76
74
70
78
87
1
2
3
4
5
6
7
8
10
11
12
13
14
15
16
17
18
19
20
21
22
23
24
25
26
27
28
31
29
33
32
30
45
50
64
42
51
60
39
61
58
34
59
37
41
36
38
43
56
46
55
63
54
57
49
44
40
35
53
62
52
48
47
65
66
67
68
69
72
70
71
74
97
98
99
76
75
78
77
88
87
86
92
94
95
93
89
80
90
91
96
104
105
102
103
106
83
100
101
79
84
85
81
82
73
107
108
163
154
151
160
139
116
142
117
130
145
158
146
133
140
138
132
128
144
147
131
153
127
155
122
135
161
164
118
109
134
148
149
143
119
124
111
129
110
159
123
113
141
136
114
115
162
112
150
152
125
137
157
156
121
120
126
186
179
180
189
190
183
185
184
181
187
188
166
173
171
172
176
177
178
170
169
167
182
175
174
168
165
192
197
195
191
193
194
196
200
198
199
201
227
218
209
214
207
210
213
202
212
206
217
208
229
219
204
222
223
203
231
215
224
226
228
216
220
230
225
211
205
221
239
234
233
235
238
240
232
237
236
241
244
243
245
242
246
247
250
248
249
251
259
257
255
258
253
254
261
260
256
262
252
263
264
265
266
267
268
269
270
272
273
271
274
276
275
277
278
279
280
281
282
283
284
285
286
287
288
289
292
291
300
290
296
294
299
293
297
298
295
303
305
304
302
301
312
311
306
314
310
313
309
308
307
317
318
315
316
320
321
319
322
323
324
325
326
327
331
328
333
327
329
330
332
339
341
334
336
338
340
337
335
342
343
344
345
346
347
348
349
350
351
352
353
354
355
356
357
360
362
368
358
365
361
366
367
364
363
359
369
370
371
372
373
374
375
376
377
378
379
380
381
382
383
384
385
386
387
388
389
390
391
392
395
393
394
396
397
398
399
400
401
402
403
404
405
406
407
410
408
414
419
424
425
411
409
417
413
412
416
418
421
422
423
415
420
426
432
427
428
433
431
430
429
434
435
436
437
438
449
439
440
448
447
441
442
444
443
450
446
445
455
451
452
453
454
458
457
461
462
456
459
460
463
464
472
473
468
467
465
471
470
466
479
474
469
475
476
477
478
481
480
482
483
484
485
486
487
488
489
490
491
496
495
493
494
492
497
498
499
500
501
502
503
504
514
509
508
513
512
506
505
507
511
510
515
517
516
519
520
518
526
527
528
523
524
521
525
522
529
530
536
538
534
537
545
542
544
541
532
543
539
535
533
540
531
548
546
547
551
550
549
553
552
558
560
563
562
561
554
556
555
564
559
557
573
565
574
572
575
570
569
568
567
571
566
576
578
579
580
577
576
578
579
580
577
581
582
583
584
585
586
587
588
589
590
591
592
593
594
595
596
597
598
600
599
601
602
604
603
605
606
607
608
609
610
611
612
613
614
615
616
617
617
