1
30
7
28
35
36
24
32
47
2
5
49
44
52
51
50
25
37
39
42
33
38
23
8
14
12
13
9
10
45
21
20
11
17
15
46
16
40
43
22
18
27
31
6
34
41
19
3
26
29
48
61
189
96
85
107
117
60
235
315
205
259
317
277
325
66
199
195
141
154
108
229
289
111
77
73
75
76
72
74
105
140
139
211
106
288
90
324
80
193
337
338
319
336
300
307
304
191
310
165
56
54
53
57
63
309
290
293
298
297
318
264
162
236
227
225
214
215
153
257
241
243
159
223
179
217
219
291
292
220
161
166
216
261
260
269
275
273
175
178
276
282
167
168
169
171
173
172
156
183
321
157
285
239
163
201
197
280
281
150
155
249
149
187
196
198
263
200
262
78
272
190
79
213
312
221
250
258
206
152
184
186
87
164
311
284
151
188
279
81
182
265
176
283
84
138
86
287
115
192
132
232
230
308
146
100
125
130
91
93
271
134
110
137
82
247
248
58
233
234
251
295
226
160
335
68
69
67
65
70
64
305
99
101
103
88
97
94
102
95
118
113
109
194
148
144
245
333
332
267
327
334
278
128
129
131
104
254
112
328
326
238
120
231
270
294
123
240
322
296
170
274
268
266
114
302
303
83
62
320
255
116
142
329
330
331
323
89
212
127
136
122
252
124
98
59
228
313
210
207
71
122
252
124
98
59
228
313
210
207
71
181
119
158
204
209
180
316
286
306
185
202
222
253
177
145
147
244
208
246
218
135
126
301
92
143
203
133
121
299
314
356
346
344
341
339
342
343
340
349
350
358
367
357
353
348
352
361
362
359
355
360
366
351
365
363
364
347
345
371
369
370
372
368
1
8
7
6
2
3
9
12
14
13
5
10
4
15
16
17
69
34
42
31
65
64
63
62
57
56
55
54
66
59
58
61
21
29
51
20
44
48
52
39
30
19
32
18
26
25
28
22
47
37
33
49
67
50
60
23
38
53
41
43
45
24
27
35
40
36
68
72
73
74
71
75
83
93
92
91
87
90
81
82
88
86
89
80
77
78
76
79
84
94
95
174
128
193
132
131
104
129
123
133
125
164
140
192
188
196
186
101
181
177
183
189
195
175
176
194
190
197
98
106
96
114
191
103
160
135
122
124
149
110
112
153
167
155
199
130
159
198
171
172
187
118
107
119
121
113
116
120
178
141
161
179
144
162
180
126
97
134
108
102
147
99
166
163
137
150
148
165
157
109
143
152
151
146
105
100
145
184
117
139
138
173
158
170
115
185
168
169
111
156
142
154
127
136
201
248
239
233
327
275
276
231
316
242
283
298
286
212
217
260
262
264
200
301
300
299
303
304
311
321
315
202
204
205
300
299
303
304
311
321
315
202
204
205
207
209
210
324
244
214
256
310
235
319
318
297
292
234
238
305
243
261
312
226
318
297
292
234
238
305
243
261
312
226
225
282
309
228
249
302
252
223
224
268
222
227
229
273
323
221
285
255
237
322
216
259
281
277
317
291
241
258
290
326
279
267
293
280
314
232
325
288
269
296
203
257
308
284
206
215
313
274
307
320
278
271
208
236
272
294
306
254
230
250
220
247
219
263
245
265
295
253
218
251
289
266
246
287
240
328
329
330
331
332
333
334
335
336
337
338
339
340
341
342
343
344
345
346
347
358
355
373
356
389
402
387
357
386
354
350
400
385
361
365
388
353
360
364
363
369
362
372
359
384
383
352
377
374
379
392
367
394
368
371
375
390
366
370
351
393
378
376
395
398
396
397
399
380
381
382
401
349
411
432
436
434
408
404
407
428
433
419
430
427
421
435
403
409
418
412
416
424
423
420
429
425
422
415
431
406
410
426
417
414
405
413
437
438
439
440
461
462
467
486
480
481
479
485
483
464
461
462
467
486
480
481
479
485
483
464
459
463
458
457
450
441
448
460
454
455
453
452
487
445
478
449
442
443
484
444
447
465
474
475
473
472
471
476
469
468
466
470
488
446
477
456
451
482
521
499
535
523
561
524
525
568
563
562
490
576
586
591
590
578
585
582
489
492
574
588
593
587
496
506
594
589
575
503
592
509
539
498
530
549
531
583
579
569
515
543
546
504
556
581
493
566
557
514
517
502
512
516
510
508
513
529
520
526
572
545
548
518
527
532
580
554
536
555
560
519
495
558
564
570
541
542
553
494
507
540
491
511
501
551
497
584
538
577
567
571
552
544
505
537
565
500
550
533
522
528
595
596
597
598
607
603
602
604
606
605
599
601
600
608
609
610
612
611
613
614
615
616
617
618
619
620
621
622
623
625
626
627
624
630
628
629
631
632
633
634
635
636
637
638
639
640
641
642
643
644
645
646
648
649
650
651
652
653
654
655
656
657
658
659
660
661
664
665
663
666
662
667
668
669
672
674
677
675
670
671
676
673
711
695
721
720
689
704
692
678
703
693
698
697
702
705
708
716
686
713
714
690
696
684
694
715
699
717
707
719
710
682
691
683
688
706
680
700
709
701
687
718
712
679
681
685
722
723
724
725
726
727
728
729
730
731
732
734
733
735
736
737
738
739
740
741
742
743
744
745
746
747
748
750
751
752
753
754
755
756
757
758
759
760
761
762
763
764
765
766
767
768
769
770
771
772
773
774
775
776
777
778
779
780
781
783
784
786
787
788
789
790
791
792
793
794
795
796
