1
2
3
4
5
6
7
8
9
10
11
12
13
14
15
16
17
18
19
445
533
420
392
390
391
572
566
29
337
272
78
576
567
575
434
34
35
36
573
272
78
576
567
575
434
34
35
36
573
456
317
527
565
477
297
271
571
570
569
568
577
253
587
258
255
386
464
465
466
469
467
468
462
463
541
363
362
364
359
360
351
461
292
499
369
365
350
278
279
280
367
368
366
264
478
341
381
226
262
295
383
302
308
228
181
238
55
80
382
234
209
170
191
41
148
200
64
126
25
130
73
115
137
60
245
154
218
104
164
111
198
215
309
87
30
135
488
448
616
299
159
99
22
23
24
26
27
43
42
40
38
37
49
47
46
45
44
57
58
59
61
63
75
76
53
54
56
69
70
71
72
74
79
65
66
67
68
86
84
83
82
81
92
91
90
89
88
247
97
96
94
93
425
490
316
416
419
429
294
418
242
539
542
515
413
313
346
243
323
342
144
373
619
293
141
385
108
615
261
618
380
326
122
162
635
310
189
185
95
195
194
193
192
190
202
201
199
197
196
236
235
233
232
231
213
241
240
239
237
207
208
210
211
212
227
229
230
204
206
219
220
221
224
225
176
175
214
216
217
182
180
179
178
177
153
188
187
186
183
171
172
173
174
152
163
166
167
168
169
140
139
138
160
161
149
147
146
145
143
157
156
155
151
150
116
117
118
119
158
109
110
112
113
114
136
134
133
132
107
120
131
129
128
127
98
125
124
123
121
103
102
101
100
625
105
396
435
519
85
296
307
628
521
325
438
377
481
349
507
142
505
244
387
531
250
506
632
335
546
538
449
452
340
500
412
251
345
495
518
394
457
517
268
510
630
421
336
248
432
395
509
62
522
508
318
319
405
406
203
403
437
436
205
21
252
631
404
329
496
361
447
265
634
287
288
411
446
593
338
339
459
304
289
612
322
321
320
523
165
249
330
306
281
378
520
439
471
472
543
450
451
443
444
440
441
442
263
620
480
614
39
633
300
347
424
580
586
585
584
583
581
582
324
260
591
560
617
331
388
270
611
589
613
410
398
502
474
430
407
408
514
588
526
334
629
283
376
375
374
470
579
352
353
494
354
428
427
426
503
610
597
578
608
609
370
348
475
592
453
454
605
606
28
596
487
303
20
607
106
266
285
355
356
357
358
77
594
595
600
599
601
602
603
604
598
409
622
623
624
626
627
314
315
286
590
269
305
184
492
301
535
534
257
559
482
483
48
51
50
52
552
489
277
284
379
621
558
254
259
267
332
549
532
311
276
544
638
343
516
455
433
423
528
497
312
498
389
371
458
333
372
540
476
491
548
493
473
555
557
564
479
529
551
547
545
399
400
401
402
550
562
561
511
328
422
282
486
637
636
524
290
504
501
298
563
553
554
485
393
431
460
415
291
525
574
536
537
397
222
223
530
256
484
246
556
384
31
32
33
512
273
275
274
513
327
344
417
414
639
642
643
640
641
644
645
646
647
648
649
650
651
652
653
654
655
656
657
658
659
660
661
662
663
664
665
666
667
668
669
670
671
672
673
674
675
676
677
678
679
680
681
1018
971
1086
844
1046
852
1016
767
937
1178
1339
1486
1487
1246
1583
1584
1546
1618
1619
1574
1575
1247
1414
1632
1621
1624
1294
1295
1440
1439
1575
1247
1414
1632
1621
1624
1294
1295
1440
1442
1444
1429
1477
1478
1479
1512
1200
1242
1435
1437
1438
1297
1398
1318
1481
1261
1335
1472
1353
1384
1264
1460
1654
1545
1566
1568
1528
1466
1504
1360
1544
1381
1287
1576
1577
1388
1400
1337
1303
1375
1569
1359
1315
1503
1554
1462
1609
1610
1613
1616
1655
1603
1604
1617
1605
1607
1600
1612
1602
1622
1620
1592
1593
1595
1594
1599
1582
1585
1587
1589
1409
1507
1625
1298
1523
1364
1305
1357
1548
1331
1457
1383
1533
1469
1540
1614
1627
1343
1491
1464
1457
1383
1533
1469
1540
1614
1627
1343
1491
1464
1280
1309
1581
1601
1608
1597
1205
1336
1510
1552
1551
1500
1226
1630
1260
1286
1549
1598
1319
1428
1209
1539
1386
1281
1379
1344
1423
1530
1626
1590
1230
1644
1332
1325
1320
1277
1445
1557
1556
1591
1629
1572
1571
1623
1579
1635
1634
1633
1563
1631
1629
1572
1571
1623
1579
1635
1634
1633
1563
1631
1639
1637
1553
1636
1559
1646
1645
1550
1642
1640
1651
1650
1648
1647
1547
1656
1541
1542
1543
1652
1658
1535
1537
1538
1657
1525
1526
1527
1529
1531
1516
1502
1519
1522
1524
1351
1352
1505
1511
1514
1349
1355
1346
1354
1350
1338
1340
1341
1358
1333
1328
1334
1326
1324
1322
1321
1317
1313
1330
1371
1366
1365
1323
1382
1304
1376
1306
1374
1299
1385
1300
1301
1302
1289
1397
1290
1396
1393
1405
1283
1402
1401
1288
1418
1275
1412
1273
1408
1263
1267
1431
1271
1272
1256
1456
1259
1446
1441
1461
1250
1458
1253
1254
1241
1243
1463
1245
1248
1231
1233
1468
1236
1490
1485
1480
1229
1216
1492
1217
1221
1223
1499
1208
1498
1496
1212
1312
1203
1308
1578
1269
1234
1296
1447
1448
1417
1252
1399
1565
1518
1307
1564
1274
1476
1475
1473
1270
1268
1436
1411
1410
1489
1488
1293
1291
1222
1225
1380
1484
1659
1215
1240
1239
1495
1235
1228
1227
1434
1278
1467
1482
1483
1244
1372
1459
1329
1377
1416
1415
1266
1432
1433
1407
1362
1361
1363
1265
1494
1348
1378
1327
1373
1356
1471
1201
1202
1316
1258
1232
1276
1638
1649
1588
1406
1262
1395
1394
1392
1387
1390
1389
1586
1470
1224
1611
1370
1641
1455
1443
1257
1570
1501
1520
1251
1653
1310
1311
1558
1573
1206
1249
1237
1606
1255
1493
1347
1345
1506
1508
1403
1560
1562
1513
1536
1474
1567
1314
1292
1555
1218
1219
1521
1282
1449
1450
1451
1452
1453
1454
1534
1509
1204
1532
1284
1285
1517
1342
1404
1419
1420
1421
1422
1424
1425
1426
1427
1430
1561
1643
1279
1413
1207
1210
1211
1515
1391
1615
1465
1238
1367
1368
1369
1497
1596
1214
1213
1628
1580
1220
860
895
1056
963
894
896
1055
962
1081
778
964
1080
734
1106
1172
1194
803
947
1089
861
884
944
945
685
687
943
1174
686
689
690
682
688
805
851
714
1166
791
1182
794
796
1159
1088
793
795
1158
1095
1092
725
694
1051
1057
1058
1065
1152
1143
1141
1163
929
777
772
729
710
762
1122
804
1026
857
853
866
1033
932
849
979
1022
818
1039
858
822
764
1030
1034
1027
1021
1020
1024
1023
1032
1014
1031
1015
1017
1037
1036
1035
1011
1012
1042
1041
1040
1038
1045
1007
1008
1043
1009
1048
1003
1047
1005
1006
980
976
978
1049
972
973
974
981
969
989
988
985
995
994
992
991
990
965
966
999
998
967
997
927
938
1000
921
924
925
939
914
916
917
919
920
908
951
958
957
956
907
953
961
899
848
1100
817
815
820
807
742
740
731
728
787
789
788
799
798
691
797
1053
1132
721
842
1004
782
968
720
1025
1044
718
717
882
1029
918
1010
874
901
986
809
1001
1013
868
716
942
936
984
784
977
755
802
1052
1192
949
1167
1154
869
758
1074
865
1117
877
1073
1087
1133
888
845
800
771
765
684
1077
1093
769
837
1067
1171
1168
886
854
1104
855
745
1121
744
768
1116
863
933
1118
893
970
695
811
754
1130
1197
1162
1155
753
727
724
952
1019
779
709
856
922
756
950
912
713
712
1177
1138
1136
1135
1196
948
960
780
1148
881
1180
1084
1112
1101
736
1098
935
930
941
911
913
847
1085
1149
1160
850
843
1091
1173
1157
1199
1164
1165
1151
1179
1181
1185
1114
1156
1169
1190
834
1111
1110
1123
1131
1125
1120
1183
1184
841
839
840
1198
1108
1191
1153
1099
859
838
1195
1113
1115
1107
1150
1147
1146
1145
1187
1063
1061
1060
1119
1078
1096
1071
1069
1066
835
862
1105
1186
1079
870
832
867
833
864
872
871
826
829
830
823
875
873
825
887
885
808
810
812
892
801
891
806
757
897
763
761
746
759
737
735
739
774
773
733
770
726
781
776
775
786
785
722
707
792
760
790
828
827
1189
1128
831
959
1075
1054
723
1134
715
915
813
732
1072
1140
846
1090
1144
821
747
880
879
883
878
1176
711
741
889
1109
748
876
1083
696
697
698
699
700
701
708
730
975
1102
1103
702
704
703
705
706
983
982
1028
719
993
1082
1094
923
1139
692
1062
1170
909
910
955
987
1142
1059
1161
1129
1175
1126
1002
819
1050
1097
766
693
996
1068
1076
1124
814
954
743
905
1193
926
890
683
1064
836
946
816
783
931
934
940
824
749
750
751
752
738
1127
1070
1137
898
1188
904
906
902
903
900
928
1660
1661
1662
1663
1664
1665
1666
1667
1668
1669
1670
1671
1672
1673
1674
1675
1676
1677
1678
1679
1680
1681
1682
1683
1684
1685
1686
1687
1688
1690
1691
1692
1693
1694
1695
1696
1697
1698
1699
1700
1701
1702
1703
1704
1705
1731
1709
1736
1718
1741
1706
1739
1716
1708
1715
1714
1721
1720
1743
1733
1722
1735
1734
1742
1737
1729
1717
1713
1710
1719
1740
1707
1732
1738
1711
1744
1730
1712
1752
1758
1749
1763
1754
1762
1756
1746
1755
1745
1761
1753
1759
1748
1750
1760
1757
1747
1751
1765
1769
1772
1774
1764
1767
1777
1775
1778
1776
1770
1768
1766
1773
1771
1779
1780
1781
1794
1807
1798
1799
1795
1796
1791
1803
1800
1797
1793
1789
1787
1805
1792
1790
1784
1786
1788
1806
1801
1785
1802
1804
1782
1783
1808
1847
1837
1815
1813
1844
1817
1863
1823
1820
1821
1826
1839
1861
1816
1852
1856
1862
1819
1838
1825
1853
1864
1855
1843
1824
1831
1809
1818
1842
1822
1858
1812
1840
1814
1854
1859
1846
1832
1836
1850
1848
1849
1845
1860
1830
1829
1827
1810
1834
1833
1867
1828
1811
1865
1857
1851
1866
1841
1835
1881
1876
1886
1885
1870
1874
1872
1873
1875
1882
1879
1869
1884
1883
1868
1878
1880
1877
1871
1887
1916
1919
1920
1893
1918
1889
1890
1888
1891
1912
1896
1897
1894
1895
1899
1928
1906
1901
1929
1902
1924
1904
1905
1911
1910
1922
1923
1900
1925
1921
1927
1903
1913
1914
1909
1915
1917
1907
1908
1926
1930
1931
1932
1933
1934
1972
1965
1939
1977
1959
1963
1981
1980
1973
1954
1958
1936
1935
1938
1943
1949
1946
1982
1967
1974
1951
1952
1960
1971
1976
1957
1947
1966
1968
1975
1983
1961
1962
1970
1944
1948
1941
1964
1984
1940
1956
1979
1978
1937
1942
1950
1953
1969
1955
1945
1985
2615
2579
2593
2578
2569
2568
2596
2622
2598
2570
2603
2606
2607
2608
2610
2611
2612
2613
2614
2616
2617
2567
2572
2575
2573
2599
2571
2577
2586
2587
2582
2590
2591
2592
2580
2574
2594
2595
2552
2581
2563
2562
2553
2554
2555
2566
2557
2559
2565
2600
2604
2601
2629
2584
2588
2583
2589
2556
2560
2561
2576
2585
2623
2630
2609
2602
2081
2446
2282
2322
2443
2442
2441
2564
2295
2521
2520
2217
2605
2645
2531
2306
2438
2498
2384
2247
2248
2444
2439
2522
2506
2510
2458
2342
2413
2535
2144
2317
2358
2182
2255
2504
2238
2221
2271
2509
2352
2041
2167
2314
2538
2497
2211
2162
2543
2276
2461
2467
2171
2159
2516
2267
2104
2050
2122
2468
2471
2326
2379
2311
2415
2381
2222
2232
2621
2273
2259
2548
2136
2250
1
28
25
7
9
2
4
36
8
15
12
14
13
11
10
6
37
22
20
19
18
33
35
27
21
17
3
34
29
26
30
5
32
23
24
16
38
62
49
46
43
54
53
50
52
48
58
45
39
42
51
40
41
60
59
57
56
61
44
47
55
63
9
1
2
10
4
6
3
7
8
5
11
13
12
5
4
7
1
2
3
6
21
20
15
17
9
8
10
22
12
18
19
11
13
14
16
27
25
23
26
24
28
29
32
30
31
33
34
37
36
35
1
2
3
12
10
6
7
9
11
13
8
5
4
22
17
14
23
21
15
19
24
20
16
18
26
27
30
28
32
25
31
29
34
35
33
36
37
63
103
42
169
40
72
44
110
97
130
104
127
83
140
115
50
114
162
75
170
93
129
128
118
117
124
125
122
116
66
67
163
138
137
133
134
139
43
49
94
144
150
84
65
132
148
152
113
48
81
47
135
172
45
71
101
59
92
153
106
151
141
167
136
51
146
149
131
173
157
58
70
119
87
39
164
158
126
68
165
41
82
96
88
89
161
111
62
121
91
107
73
57
52
109
86
80
159
95
147
142
102
99
171
112
74
76
123
54
145
53
143
60
78
90
56
120
100
156
155
38
166
160
154
108
85
105
79
77
69
46
55
61
98
196
206
176
208
183
187
186
202
174
195
188
182
192
194
189
179
190
175
177
180
200
201
193
185
184
181
191
203
204
199
205
207
197
198
178
213
219
227
212
209
226
225
216
215
211
217
221
218
210
223
229
232
234
228
222
233
230
224
220
231
214
240
254
235
242
249
256
246
251
243
244
245
250
248
241
237
257
258
238
236
253
247
252
239
255
259
261
264
269
272
265
266
270
268
262
260
271
267
263
273
279
283
286
285
275
284
274
278
277
281
282
276
280
292
290
293
295
294
296
291
288
287
289
302
301
304
305
310
309
297
300
312
298
313
308
311
315
314
303
307
299
316
306
317
318
319
320
321
345
344
325
327
335
334
323
324
332
337
328
352
331
330
329
326
353
346
342
336
343
349
354
339
350
322
351
338
348
333
347
340
341
358
357
356
355
391
399
380
396
395
390
393
394
389
385
383
381
392
384
388
386
398
397
382
387
402
405
404
410
406
407
408
400
401
403
409
374
370
359
363
372
371
364
379
360
368
373
369
378
366
377
376
375
367
362
365
361
365
361
415
416
413
412
414
411
426
424
417
420
428
425
427
419
423
418
421
422
429
430
431
432
433
435
434
436
437
438
439
456
461
449
455
441
460
445
454
442
450
443
451
448
458
447
446
453
459
452
444
440
457
466
465
462
469
467
463
474
471
472
464
473
468
470
508
480
478
492
487
483
485
506
530
499
501
477
484
526
500
516
527
520
504
533
525
503
531
488
524
532
534
498
517
541
491
479
515
509
540
521
519
539
538
497
507
476
494
522
511
505
523
513
518
514
493
535
496
495
475
489
481
537
482
486
528
490
536
529
510
502
512
542
548
549
547
551
550
558
546
545
555
552
556
553
554
544
543
557
559
560
561
562
563
564
565
566
567
568
569
570
571
572
573
574
575
576
577
578
579
603
618
610
613
607
587
597
585
595
604
617
589
620
588
605
602
609
614
619
580
630
612
600
606
601
611
626
629
593
598
623
621
590
616
615
599
627
591
624
625
628
622
582
592
594
581
586
583
596
584
608
631
632
671
684
675
681
672
660
677
647
679
658
651
656
657
669
640
678
664
662
682
663
643
639
645
665
674
655
680
673
676
666
654
633
659
635
650
644
636
661
637
649
652
638
670
642
653
634
683
667
648
641
668
685
646
690
702
694
692
700
698
705
704
696
689
697
687
706
707
708
714
717
719
686
703
709
712
711
710
722
720
723
721
724
725
715
713
693
695
701
716
699
718
691
