7
24
9
15
22
16
23
19
25
21
7
24
9
15
22
16
23
19
25
21
8
10
11
5
12
6
13
29
26
27
1
17
28
2
4
18
14
56
58
57
39
51
69
34
47
43
45
42
40
55
78
36
67
79
77
76
74
73
72
49
41
32
87
61
66
60
50
54
59
65
82
70
48
62
64
63
46
68
83
86
80
71
35
37
84
38
30
53
44
81
85
52
75
31
152
100
123
265
113
114
216
259
215
214
221
249
157
129
269
135
282
99
284
283
179
112
166
273
267
150
266
281
233
147
288
108
276
232
218
208
137
277
116
172
111
206
212
203
196
241
240
131
117
219
242
197
192
194
225
238
231
213
195
223
229
127
90
161
146
143
272
287
149
132
148
174
168
103
295
125
291
104
292
118
124
101
98
96
88
89
175
121
145
289
110
92
163
178
176
180
182
159
220
151
141
105
153
275
95
156
201
136
251
247
184
207
217
224
227
237
255
254
246
199
200
167
239
102
191
204
154
158
211
256
93
205
253
226
279
263
257
250
209
260
258
202
144
235
109
171
286
245
261
252
268
270
165
271
188
248
97
140
193
228
296
236
120
234
264
115
243
222
198
133
134
94
142
130
155
190
210
107
106
262
170
122
173
285
280
126
128
162
189
139
119
169
138
244
177
230
294
293
187
164
91
181
183
290
274
186
375
310
304
391
443
298
302
445
386
315
441
359
314
327
369
360
333
380
377
463
341
381
374
446
318
439
364
299
362
334
339
370
320
368
367
361
335
312
355
382
309
338
465
305
323
342
363
356
438
379
331
462
461
308
378
322
371
365
328
384
427
428
415
414
409
406
408
392
393
394
403
402
399
401
396
395
389
390
429
398
416
413
404
397
343
410
325
313
307
306
311
347
372
346
373
330
444
300
301
387
452
435
358
426
425
424
423
422
421
430
431
432
433
434
303
388
357
407
344
329
440
376
457
456
455
417
458
418
420
412
411
447
448
449
450
451
453
454
459
460
436
400
297
383
442
340
316
345
319
332
437
336
351
464
350
349
354
353
352
348
366
478
479
477
469
475
470
467
473
474
476
471
468
472
484
496
490
486
495
494
493
480
491
492
489
485
482
488
487
481
483
527
528
529
532
526
513
497
512
498
508
527
528
529
532
526
513
497
512
498
508
511
501
521
504
503
514
515
506
517
518
516
520
502
519
500
522
524
525
523
509
505
499
510
507
531
530
536
537
534
533
535
63
106
35
135
87
26
27
1
67
47
13
25
78
60
145
57
81
21
144
132
140
49
28
24
118
117
116
105
43
29
113
112
103
110
109
143
142
137
136
40
75
4
71
56
53
59
44
58
16
38
17
30
36
14
12
10
2
3
33
55
23
6
73
94
88
93
69
133
61
52
18
64
86
9
66
48
104
134
111
98
125
124
122
141
139
127
79
15
101
96
89
126
68
131
120
102
100
121
123
7
95
54
22
83
84
114
77
11
51
82
115
92
108
91
32
62
138
130
45
46
8
70
107
80
42
65
119
99
20
19
129
34
97
128
39
41
72
50
31
90
74
76
5
85
146
147
148
157
159
164
150
165
149
168
169
158
160
161
154
162
156
151
166
152
153
167
163
170
171
172
173
174
175
176
177
178
179
180
181
182
183
184
185
186
187
188
189
190
191
192
193
194
196
197
198
199
200
201
202
203
204
205
206
207
208
209
210
211
212
213
214
215
216
219
217
220
218
221
222
223
224
225
226
227
228
229
230
231
232
233
279
281
280
264
274
248
250
259
253
268
270
267
265
277
242
261
286
243
241
240
238
236
235
272
266
278
284
257
283
273
276
282
256
246
252
285
255
247
271
251
245
244
234
260
262
263
275
269
249
254
287
239
258
408
373
434
343
334
342
288
431
409
327
303
290
357
411
291
353
354
340
294
312
415
433
310
317
347
314
339
350
360
304
338
313
410
308
295
309
325
332
352
356
336
333
412
337
355
417
351
430
329
335
346
296
299
307
331
315
301
399
400
397
387
388
386
363
365
375
370
372
366
368
367
361
385
306
378
376
381
374
380
398
302
293
371
359
369
432
305
379
423
345
358
396
395
394
393
392
401
402
403
404
405
406
316
300
364
326
349
428
427
426
389
390
391
384
383
382
418
419
420
421
422
424
429
414
425
413
328
407
292
344
298
348
377
311
341
416
362
297
321
323
330
319
320
324
322
318
435
448
439
438
446
436
449
450
442
445
443
437
440
447
444
441
461
465
466
467
473
471
453
451
470
464
477
476
478
475
461
465
466
467
473
471
495
494
490
493
483
480
487
486
496
497
488
499
500
501
498
485
484
482
481
479
491
492
489
453
451
470
464
472
460
455
454
469
457
462
463
502
458
474
459
456
504
505
506
503
508
507
521
525
517
524
522
516
511
510
509
512
515
523
513
514
520
519
526
549
547
528
542
545
543
544
535
532
540
552
553
537
529
530
538
534
548
531
536
546
554
533
550
551
539
541
527
557
558
559
560
561
562
563
564
565
566
567
568
569
570
571
572
573
574
575
576
577
578
579
580
581
582
583
584
585
586
587
588
589
590
591
592
593
594
595
596
597
598
599
600
601
602
603
604
605
606
607
608
609
610
611
612
613
614
615
616
618
619
620
621
622
623
624
625
626
627
628
629
630
631
632
633
634
635
636
637
638
639
640
641
642
643
644
645
646
647
648
649
650
651
652
653
654
655
656
657
658
659
660
661
662
663
664
665
666
667
668
669
670
671
672
673
674
675
676
677
678
679
680
681
682
683
684
685
686
687
688
689
690
691
692
693
694
695
696
697
698
699
700
701
702
703
704
705
706
707
708
709
710
711
712
713
714
715
716
717
718
719
723
720
735
730
731
733
728
734
736
729
732
727
722
724
721
737
738
739
740
741
742
754
744
766
751
768
743
752
757
755
761
759
762
767
753
756
750
747
769
765
758
763
764
748
746
749
745
760
797
812
810
826
789
784
793
782
809
813
786
820
777
802
780
785
773
803
772
814
818
811
801
800
799
788
796
821
790
792
771
806
805
816
798
795
824
815
770
775
787
783
781
794
778
819
817
791
804
825
774
776
779
827
829
830
828
954
958
890
882
889
832
955
872
849
903
876
957
834
900
901
887
837
857
961
855
862
894
859
886
897
833
837
857
961
855
862
894
859
886
897
833
907
850
885
858
956
853
840
854
870
878
899
904
883
879
884
902
898
874
881
893
841
845
852
877
860
847
946
944
934
935
933
910
912
923
921
917
919
913
915
914
908
932
851
925
922
928
920
927
945
848
843
836
918
906
916
926
892
905
943
942
941
940
939
947
948
949
950
951
952
861
846
911
871
896
936
937
938
931
930
929
960
959
873
831
953
835
891
844
895
924
856
888
962
909
842
866
868
875
864
865
869
867
863
992
967
990
965
987
989
972
968
973
986
971
970
969
988
963
964
979
966
984
983
982
974
975
976
977
978
980
985
981
991
1000
1001
998
996
994
995
997
999
993
1005
1009
1011
1008
1015
1010
1012
1016
1002
1007
1004
1006
1003
1029
1017
1018
1031
1042
1026
1032
1022
1024
1023
1029
1017
1018
1031
1042
1026
1032
1022
1024
1023
1033
1035
1025
1028
1038
1037
1036
1041
1021
1046
1045
1047
1027
1030
1040
1019
1034
1043
1044
1020
1057
1053
1055
1052
1050
1051
1054
1049
1048
1056
1069
1070
1063
1071
1074
1067
1066
1068
1073
1072
1064
1065
1062
1058
1061
1060
1059
1075
1076
1078
1077
