1
2
3
4
5
6
7
8
9
10
11
12
13
14
15
16
17
18
19
20
21
22
23
24
25
26
27
28
29
30
31
32
33
34
35
36
37
38
39
40
51
43
42
44
46
47
49
45
41
52
53
54
55
56
57
58
59
60
61
62
65
63
64
66
67
68
69
70
71
72
73
74
75
77
78
79
80
81
82
83
84
85
86
87
88
89
90
91
92
93
94
95
96
98
97
99
100
101
102
103
671
336
760
739
627
418
350
166
328
780
785
784
783
782
781
778
777
776
775
774
773
772
771
769
768
767
766
764
763
762
151
152
153
154
165
167
168
169
193
175
176
177
304
305
307
309
310
311
312
313
314
345
344
343
342
341
340
339
338
337
465
684
685
687
688
689
690
692
693
248
477
249
506
250
251
510
253
749
254
255
750
256
257
752
753
185
186
187
188
189
191
170
171
172
173
181
180
182
179
178
183
252
579
578
577
576
575
574
573
572
536
538
539
540
541
542
543
138
139
140
141
142
143
144
145
146
147
205
206
208
209
210
211
212
213
214
215
381
383
384
385
388
389
390
391
433
432
431
430
427
426
425
423
422
382
195
197
198
199
200
201
203
204
367
368
369
370
207
371
372
373
374
375
377
379
435
704
436
705
706
437
707
708
438
709
439
710
441
711
440
712
713
442
714
443
694
444
695
450
696
697
451
452
453
454
698
456
699
457
700
458
701
459
702
460
524
526
528
703
529
530
531
544
545
546
619
620
621
623
624
625
626
628
629
630
631
216
217
218
219
220
221
222
223
461
463
464
466
467
468
512
516
518
519
520
522
523
124
125
386
387
126
462
127
469
128
129
470
471
130
131
515
132
133
134
549
135
136
550
552
105
554
106
555
553
556
557
558
559
608
609
610
611
612
613
614
615
616
617
618
107
108
109
642
110
317
643
318
644
111
319
320
645
112
321
647
114
322
648
113
323
115
324
649
116
325
650
326
654
327
658
329
330
331
659
332
660
333
334
117
335
118
661
662
119
491
663
120
492
664
121
122
123
665
493
666
494
238
667
239
240
676
495
496
266
677
265
678
679
264
680
263
262
497
681
261
498
682
499
683
500
260
484
259
747
258
485
593
486
748
487
591
592
488
590
489
490
589
588
587
586
225
585
584
226
583
227
582
581
580
280
228
230
281
282
231
283
232
284
233
285
286
236
287
237
288
357
269
358
359
270
360
271
362
363
272
364
273
365
274
275
366
276
277
278
279
675
289
674
673
291
672
670
292
669
668
293
754
755
294
756
295
757
296
758
759
297
298
299
300
301
302
347
348
349
351
353
354
355
356
352
751
561
562
563
564
224
565
566
567
568
569
570
571
594
596
597
598
599
601
600
602
603
605
606
607
472
473
474
475
478
479
480
481
476
482
507
508
483
509
501
502
646
503
504
505
242
243
244
245
247
268
267
521
517
514
715
716
718
719
720
392
721
722
723
595
724
725
726
727
728
729
730
740
741
742
744
745
743
746
405
404
406
407
408
409
410
511
393
394
405
404
406
407
408
409
410
511
393
394
395
396
731
732
733
397
734
398
735
736
737
399
738
400
445
446
401
403
447
411
448
449
412
455
413
414
525
532
533
534
535
415
416
417
419
420
421
641
640
639
638
637
636
635
634
633
632
192
194
196
137
148
149
104
241
315
306
691
560
229
2560
2500
1940
2565
2566
1837
2853
3110
1779
2490
2162
2161
2164
3128
2656
2146
2741
1945
2143
2144
3093
2127
1990
1991
2837
1839
2380
2382
2384
2356
2357
2358
2359
2386
2388
2389
2391
2413
2414
2416
2418
2420
2402
2406
2408
2409
2197
2395
2396
2398
2399
2476
2352
2381
2353
2354
2393
2412
2419
1841
3076
3075
1974
1975
1976
2191
2189
1949
2394
2397
2411
2076
2193
3080
3081
2383
2387
2421
2403
2405
2411
2076
2193
3080
3081
2383
2387
2421
2403
2405
2407
2410
2364
2118
2119
3095
2581
2006
2007
2400
2390
2392
2415
2417
2404
3099
3100
2105
2107
2108
2348
2350
2351
1854
2568
2567
1836
2111
2112
2344
2345
2346
2360
2064
2065
2122
2124
1806
2215
2481
2295
2440
2439
2438
2437
2436
2434
2433
2432
2430
2429
2428
2427
2426
2424
2422
2349
2347
2378
2385
2355
2401
2365
2366
2367
2368
2369
2370
2371
2372
2374
2375
2255
3116
2847
2268
2098
2099
1760
1763
2441
2435
2431
2425
2423
2379
2373
2376
2377
2253
2343
2247
2068
2167
1999
2002
1823
2048
2095
1811
1865
1838
2199
2254
1812
2049
2220
1773
2039
2094
2158
2166
1909
2218
2216
1857
1904
2001
1995
2260
1982
1967
1831
1977
2058
1825
2240
2157
2134
2263
1903
2282
2168
2205
1774
2160
1965
1849
2092
2249
2145
2245
2140
2190
2096
2139
2619
2609
2629
2615
3187
3142
2631
3134
2618
2622
2628
1981
1877
2614
2625
1894
1858
3137
2626
2602
3182
3199
2458
2522
2521
2520
2519
2518
2517
2533
2532
2513
2512
2511
2510
2508
2506
2505
2504
2503
2502
2501
2498
2465
2464
2463
2462
2461
2459
2620
2621
2623
2535
2548
2547
2545
2544
2543
2542
2541
2540
2539
2537
2536
2151
2137
1867
2601
2600
2599
2598
2597
2596
2595
2593
2592
1895
1897
1960
2202
1896
1920
1906
1968
1996
2156
2031
2322
2062
2203
2038
1951
2284
1916
2056
1820
1842
1932
1986
2077
1778
1800
1966
1985
2237
2110
2325
2176
2014
2005
2093
2029
2016
1772
2036
2169
2281
1943
1936
1961
1956
2091
2224
2026
2025
1925
2100
1881
2588
2587
2586
2585
2584
2583
2582
2580
2579
1860
2074
1939
1914
2075
2053
2054
2022
1780
2198
1938
2027
2028
2089
2283
1835
2142
1795
2209
2052
2206
1890
2256
2285
3176
3178
3180
3202
3203
3204
3206
3208
3209
3210
3212
3213
2454
2497
2496
2495
2494
2493
2492
2491
2489
2487
2486
2484
2483
2515
2531
2530
2529
2528
2526
2525
2469
2468
2467
2456
2455
2578
2564
2569
2570
2563
2562
2561
2556
2559
2555
2573
2558
2557
2554
2552
2551
2550
2549
2574
2576
2577
2606
2604
2667
2665
3123
3122
3121
3119
3117
2187
3144
3143
3141
3140
3192
3188
3181
2057
2033
1761
3198
2153
2097
1748
1750
1848
1870
1746
1749
1852
1752
2442
2443
2444
2446
2449
2448
2451
2450
2663
1765
1912
1781
2453
2204
1743
1735
1736
1734
1732
1742
1728
1725
1744
1738
1747
1745
1863
2196
1818
1784
1915
1813
2106
1741
1663
1726
1730
1729
1733
1737
1658
1661
1660
1667
1666
1670
2019
1664
1882
1905
1771
1770
2200
2239
1666
1670
2019
1664
1882
1905
1771
1770
2200
2239
1766
2457
2078
1859
2046
2079
2080
1821
2293
2258
2259
2471
2472
1884
2478
2482
2480
1764
2171
1888
2132
1740
2641
1731
1662
1671
1668
1993
1756
2296
1739
1720
3191
3196
3184
3136
1984
1866
2328
2613
3131
2659
2821
2655
2474
2669
2018
1944
1716
1721
1833
1885
2149
2148
2147
2081
1950
2664
2660
2652
2514
2591
2499
2280
2624
3200
2507
3201
3189
2635
2634
2632
2460
2032
2651
2546
3211
2262
2043
2135
1971
2650
2647
2646
2643
2640
2633
2627
2610
2608
2607
2527
2141
1994
2030
3205
1798
1777
1893
2159
2571
2485
2645
2174
2509
1983
1902
1871
1931
1928
1755
1669
1659
1727
1751
2037
1785
1665
1759
1861
1790
1786
1787
1862
1788
1824
1754
1843
1757
2175
1998
2210
1753
2090
2192
3186
1876
3197
1889
2011
3185
2538
2553
1856
2666
2590
2194
2648
2653
2466
2572
1840
2445
2447
2630
1769
2488
1891
2616
2323
2201
2063
2594
2617
2222
2060
3179
2165
2575
2195
2047
1913
1910
1930
2452
2045
3195
3118
2059
2084
2326
2021
2051
1892
2477
2475
2479
3125
1718
1933
1715
1723
2173
1826
2297
1695
1698
1699
1700
1701
1722
1719
1703
1704
1952
1953
3022
2843
2109
2320
1908
1992
2276
1873
3020
2279
2644
3018
1942
3194
1970
1969
3023
2275
1980
3026
3024
3025
3027
3017
1898
2998
2997
2250
2994
2150
3028
3016
3029
3030
2012
2291
1941
2292
2611
3015
3008
3000
1705
1706
2034
2252
2999
3007
2299
2044
2042
2973
3001
3003
2978
2988
2991
3009
3010
3013
3011
2995
2257
2251
2319
2990
2993
3002
3005
3006
3031
3032
3183
3014
2605
2313
2318
2654
2637
3012
2989
2976
2972
2977
2974
1714
3004
3019
2668
2996
2986
2965
2985
2981
2329
2330
3050
2979
2470
2233
1696
1697
2987
2980
1711
2969
2968
1927
1955
2235
1822
2658
1717
2971
1827
2966
2967
3130
2970
2975
2856
2083
2983
2982
2984
2862
2305
3124
2670
2992
2861
1709
1707
2859
3158
2858
2860
2863
1713
1712
3048
3049
3046
3047
1710
2865
2864
2866
2867
3104
2868
2869
1762
2907
2906
2899
2657
2903
2901
3044
1708
3042
2904
2905
2908
2911
3135
1926
2909
1979
3045
2163
2948
2902
2217
2308
2333
2335
2334
2332
2949
3053
3052
3051
2317
2956
2912
2945
2953
2910
2898
2265
2825
2264
2917
1683
1692
3111
3162
2955
2307
1872
3043
2950
2941
2947
2946
2913
2226
3166
3167
3160
1685
1691
2918
2915
2919
2942
2951
2952
2954
3060
3059
3055
3054
2136
2223
1693
1688
1684
1686
3163
3161
1690
1682
2940
2933
3056
2267
2066
1829
1828
3058
2937
1794
2936
2939
2944
3147
3175
3165
3159
3164
2935
2943
2961
2962
2964
2900
2185
1702
1672
1673
1679
1680
1681
2914
2920
2957
2958
2277
3069
3034
2960
2927
3038
3039
3070
2959
2923
2934
3035
3072
3036
2963
2938
2932
2930
2928
2926
2916
3037
3057
2662
2035
1799
1797
3067
1674
1675
1676
1677
1678
2826
3061
2827
1853
1855
3062
2324
1937
2921
2931
2929
2922
2311
2312
2069
2309
2310
2266
2114
2232
2879
2878
2876
2875
2874
2871
2870
2925
1868
2822
2301
3177
2050
2872
2877
2880
2881
3133
2321
2229
3068
3065
2829
2831
2888
3096
2674
2884
2885
2886
2887
2897
2892
2890
2891
2893
2894
2873
2857
2924
3064
1964
2304
1830
2889
2883
3071
3063
3148
1869
2812
2805
2803
1907
2799
2800
2810
3078
1962
2516
1946
1947
2846
3132
2138
1963
2473
3077
3079
3112
2845
2023
2711
2882
2896
1900
3041
2085
2303
2087
2088
2086
2231
2589
3170
2523
2120
2121
2221
2113
1883
2340
2341
2342
3120
2116
2117
3207
1845
2020
2838
3172
2612
2814
2813
2811
2807
2895
2804
2802
2801
2820
2817
2819
2818
2816
2815
2798
2797
2796
2795
2794
2781
2783
3040
3129
2327
2013
2015
2336
2338
2339
1957
1846
1847
3083
2261
1851
1850
3082
2808
1899
2000
2126
3084
2828
2287
2290
2830
2154
1978
2017
3089
3090
2362
2603
2302
1819
2070
2242
2363
1879
1880
1878
2211
2212
2234
2152
3066
2241
2128
2129
2067
3190
3193
2188
3092
2839
1989
3091
3088
3086
3101
1791
2809
2739
2738
2737
2735
2806
2779
2777
2776
1832
3087
2024
2642
3074
3073
2314
2315
2750
2749
2748
2745
2774
2773
2772
2770
2768
1694
2306
2170
2207
2172
3115
1917
1724
3094
2844
1834
2747
2775
2782
2780
2778
2734
2728
2753
2752
2131
2130
2841
2840
3155
2288
2289
3169
3173
3171
2213
2855
1807
3138
3216
3217
1802
1801
1803
1804
1805
1808
1809
1810
2271
1758
3150
2123
1997
2101
2102
2103
3149
3139
2852
3151
2649
1689
2361
1796
3214
2638
2639
2835
2219
3174
2208
2246
3215
1929
1789
3168
2236
2337
2661
2534
2524
2742
2746
2744
2733
1814
1815
1816
1817
2133
3097
3114
3106
3108
2833
2671
1687
3109
3107
2061
2155
1864
3157
3156
1901
3103
2278
1793
2771
2769
2789
2238
2785
2784
3021
2767
2766
2765
2764
2763
2762
2761
2792
2791
2788
2787
2740
2736
2743
2732
2731
2730
2757
2756
2755
2754
2786
2848
2849
1972
2760
2758
2793
2790
2759
2834
2854
2041
2230
2179
2183
2824
1973
2729
2177
2823
2715
2709
2710
2712
2713
2714
2718
2717
2009
2010
2008
3154
3102
2636
2719
2716
2673
2842
2040
2182
2181
2186
2180
2184
2274
2273
2727
2726
2725
2724
2723
2722
2721
2720
3033
2294
2228
2227
1988
2178
2272
2836
1948
1954
2125
2850
2082
2851
1782
1783
2248
3113
2698
2071
2696
1886
1887
2270
2708
2707
2706
2705
2704
2703
2702
2701
2700
2699
2684
2683
2682
2681
2680
2679
2678
2677
2676
2675
2697
2695
2694
2693
2692
2691
2073
2072
2689
1959
1958
1792
2004
2003
2104
2751
2055
2688
2832
2286
2300
2214
2687
3105
1844
2686
1874
2331
1875
1987
2690
2685
3098
2298
1919
1918
1921
1922
1923
1924
3152
3153
2269
1776
1775
1768
1767
3085
2672
2243
2244
3145
3146
1934
1935
1911
2225
2115
3126
3127
2316
376
537
234
235
770
378
346
424
402
434
717
246
527
380
551
190
761
604
547
316
184
303
308
548
779
622
150
429
428
981
978
1119
974
975
1124
968
1126
1128
1148
815
873
1178
874
1032
875
799
917
1038
1221
810
889
881
1127
1056
1135
1186
1091
765
1007
1002
1256
846
1201
886
821
930
1454
942
1229
1057
1483
1116
1166
1009
1449
1493
835
813
795
1097
1268
1473
787
1264
906
1307
1087
854
1282
1044
812
893
1458
1306
1125
1295
1136
994
1319
962
936
1461
1089
997
847
820
1328
1015
909
1478
1456
950
816
1203
1093
1459
1027
1137
1129
1235
789
790
792
794
796
800
802
807
808
809
804
817
818
825
827
829
834
837
862
865
866
870
871
877
947
878
879
884
888
891
892
895
896
899
901
904
907
908
910
911
1075
921
915
918
925
927
929
845
849
931
932
937
850
938
939
851
940
852
943
853
944
859
945
860
949
951
955
956
957
958
967
959
963
972
964
973
965
966
979
980
983
1037
1040
986
1041
987
1042
989
1045
1046
1048
1049
1053
174
1451
1468
991
992
995
996
998
999
1000
1001
1006
1010
1011
1017
1018
1021
1025
1030
1033
1054
1055
1060
1061
1067
1069
1072
867
948
952
1036
1051
1073
1078
1079
1080
1081
1082
1083
1085
1086
1088
1096
1098
1099
1100
1102
1103
1105
1106
1110
1114
1117
1118
1130
1131
1132
1133
1134
1140
1141
1142
1144
1145
1146
935
1239
1147
1152
1153
1154
1158
1159
1160
1161
1163
1165
1170
1035
1172
1174
1175
1177
1179
1185
1180
1182
1187
1188
1189
1192
1193
1194
1199
1205
1207
1208
864
1070
1210
1213
1217
1224
1225
1227
1452
1022
1231
1233
1234
1236
1238
1241
1445
1243
1245
1246
1242
1250
1254
1248
1257
1258
1260
1262
1173
1263
1270
1029
1273
1275
1274
1276
1278
1280
1283
1284
1285
1286
1288
1290
1023
1077
1291
1294
1296
793
1297
1298
1299
1301
1302
1303
1308
1309
1310
1311
1312
1315
1316
1317
1322
1325
1329
1331
1439
1442
1453
1462
1464
1469
1474
1475
1480
1481
1484
1485
1491
1492
1495
838
1095
1216
1209
1450
1094
1200
160
159
1063
1016
1155
1031
1115
1292
1218
869
1279
1013
1026
1176
1197
1220
833
157
155
162
803
801
811
164
161
158
163
156
841
857
868
946
971
1244
985
988
1024
1050
1071
1076
1183
1191
1271
1287
1318
1476
1477
1490
903
1149
1109
1300
970
791
824
1019
1043
861
1065
1101
1232
1327
882
1482
798
1466
1443
832
876
361
1084
890
1214
993
1465
920
1066
1206
897
1219
826
1162
1108
969
1092
923
819
883
900
1198
872
1240
1104
1313
1052
1181
887
1228
1003
1028
844
1230
1211
1204
1272
919
839
814
1168
1058
1139
1222
913
1143
1320
863
806
858
1034
1196
1138
1314
934
1472
842
1289
1164
954
1171
1486
902
1064
856
1157
914
1305
1460
1281
894
1068
1014
1470
1195
1251
828
912
831
1488
1321
1074
855
1215
1226
933
1122
1237
1479
1266
960
990
840
1121
1261
928
788
843
1332
1293
836
1120
953
961
1090
1455
1123
848
1494
822
1004
1113
1436
1304
941
1202
1111
926
1156
1487
1184
1012
290
830
916
1441
984
1440
1212
1471
1112
1151
1020
905
1269
1463
1169
1267
1457
797
898
1249
1005
1107
1039
1059
1223
823
1467
1167
1265
1150
1047
1324
924
880
1326
977
1323
1008
1489
976
1330
1252
1247
1190
922
885
1062
1259
1418
1416
1444
1333
202
513
1496
655
656
657
653
652
651
805
1253
1335
1337
1338
1355
1358
1361
1362
1366
1367
1368
1371
1372
1375
1377
1378
1381
1383
1387
1390
1391
1392
1395
1399
1400
1405
1406
1408
1409
1412
1414
1415
1498
1507
1510
1522
1524
1525
1527
1530
1535
1536
1537
1538
1543
1560
1563
1567
1570
1571
1572
1607
1609
1613
1634
1641
1657
1448
786
1446
1433
686
1342
1344
1369
1497
1568
1370
1569
1564
1373
1566
1499
1562
1374
1500
1612
1501
1376
1502
1635
1503
1379
1636
1504
1637
1380
1505
1638
1506
1639
1382
1640
1508
1509
1384
1642
1385
1511
1386
1512
1643
1513
1644
1388
1514
1645
1646
1389
1515
1647
1523
1526
1529
1531
1532
1533
1534
1539
1540
1541
1542
1544
1545
1546
1547
1548
1549
1550
1551
1552
1553
1554
1555
1556
1557
1558
1559
1561
1393
1394
1396
1397
1398
1401
1402
1403
1404
1407
1410
1648
1649
1411
1650
1413
1651
1652
1653
1654
1655
1656
1616
1617
1618
1619
1620
1621
1622
1516
1518
1623
1517
1565
1417
1624
1519
1625
1520
1447
1626
1521
1437
1627
1438
1334
1336
1339
1340
1628
1341
1629
1343
1630
1345
1631
1346
1632
1347
1633
1348
1349
1573
1574
1350
1575
1351
1576
1353
1577
1352
1578
1579
1580
1354
1581
1582
1583
1356
1357
1584
1359
1360
1363
1364
1585
1365
1586
1419
1587
1420
1588
1277
1589
1421
1590
1422
1591
1592
1423
1424
1425
1426
1593
1427
1594
1428
1595
1429
1596
1430
1431
1597
1432
1598
1434
1599
1435
1600
1601
1602
1603
1604
1605
1606
1608
1610
1611
1614
1615
1255
982
1528
3238
3218
3246
3233
3247
3220
3259
3248
3253
3243
3258
3227
3236
3250
3251
3239
3222
3229
3235
3237
3241
3257
3234
3228
3249
3242
3254
3252
3255
3223
3225
3226
3224
3244
3256
3230
3231
3232
3240
3219
3245
3260
3261
3262
3263
3264
3266
3267
3268
3269
3270
3271
3272
3273
3274
3275
3276
3277
3278
3279
3280
3281
3282
3283
3284
3285
3286
3287
3288
3289
3290
3292
3291
3293
3294
3295
3296
3297
3298
3299
3300
3301
3302
3303
3304
3305
3306
3307
3308
3309
3310
3311
3312
3313
3314
3315
3316
3317
3318
3319
3320
3321
3322
3323
3324
3325
3326
3327
3328
3329
3330
3331
3332
3333
3334
3335
3336
3337
3338
3339
3340
3341
3342
3343
3344
3345
3346
3347
3348
3349
3350
3351
3352
3353
3354
3355
3356
3357
3358
3359
3360
3361
3362
3363
3364
3365
3366
3367
3368
3369
3370
3371
3372
3373
3374
3375
3376
3377
3378
3379
3380
3382
3381
3383
3385
3384
3386
3387
3388
3389
3390
3391
3392
3393
3394
3395
3396
3397
3398
3399
3400
3401
3402
3403
3404
3405
3406
3407
3408
3409
3410
3411
3412
3413
3414
3415
3416
3417
3418
3419
3420
3421
3422
3423
3424
3425
3426
3427
3428
3429
3431
3432
3433
3434
3435
3436
3437
3438
3439
3440
3448
3443
3445
3444
3446
3447
3441
3442
3449
3450
3451
3452
3454
3457
3458
3459
3456
3455
3460
3461
3462
3463
3464
3465
3466
3467
3468
3469
3470
3471
3472
3473
3474
3475
3476
3477
3478
3479
3480
3481
3482
3483
3484
3485
3487
3488
3489
3490
3491
3492
3493
3501
3497
3496
3494
3500
3502
3495
3499
3503
3504
3505
3506
3507
3511
3510
3508
3509
3512
3513
3514
3515
3518
3520
3517
3519
3516
3521
3522
3523
3524
3525
3531
3530
3528
3526
3527
3529
3532
3533
3534
3535
3537
3536
3539
3538
3545
3542
3541
3543
3544
3540
3546
3547
3548
3549
3550
3551
3552
3553
3554
3555
3556
3557
3558
3559
3560
3561
3562
3563
3564
3565
3566
3567
3568
3569
3570
3571
3572
3573
3574
3575
3576
3577
3578
3579
3580
3581
3582
3583
3584
3585
3586
3587
3588
3589
3590
3591
3592
3593
3594
3595
3596
3597
3598
3599
3600
3601
3602
3603
3604
3605
3606
3610
3607
3609
3608
3611
3612
3613
3614
3615
3617
3619
3616
3618
3620
3625
3624
3626
3621
3623
3627
3628
3622
3630
3631
3632
3633
3634
3635
3636
3637
3638
3639
3640
3641
3642
3643
3644
3645
3646
3647
3648
3649
3650
3651
3652
3653
3654
3655
3656
3657
3658
3659
3661
3662
3665
3667
3661
3668
3663
3662
3664
3666
3671
3670
3669
3672
3673
3676
3674
3675
3677
3729
3822
3823
3917
3695
3798
3810
3709
3831
3832
3821
3788
3951
3916
3778
3678
3806
3753
3864
3816
3812
3994
3688
3885
3820
3756
3687
3686
3750
3825
3769
3768
3740
3804
3805
3691
3696
3715
3852
3914
3851
3863
3924
3966
3724
3843
3802
3861
3904
3763
3722
3935
3943
4009
3717
3780
3850
3849
3808
3841
3844
3882
3884
3887
3897
4007
4002
3958
4008
3799
3926
3855
3913
3683
3684
3693
3781
3967
3866
3984
3974
3905
3797
3727
3700
3876
3962
3912
3856
3690
3792
3980
3869
3978
3761
3762
3929
3911
3968
3971
3957
4006
3964
3783
3879
3877
3878
3936
3933
3707
3875
4011
3874
3699
3701
3708
3777
3745
3721
3723
3704
3857
3859
3928
3862
3900
3902
3901
3907
3915
3919
3923
3934
3765
3771
3782
3702
3719
3736
3713
3712
3726
3969
3698
3873
3854
3880
3801
3697
3881
3986
3999
3989
3906
3685
3680
3720
3728
3731
3732
3733
3993
3949
3939
3938
3947
3757
3941
3774
3836
3738
3842
3953
3975
3790
4005
3871
3891
3956
3865
3870
3937
3903
3920
4018
3735
3775
3710
3888
3791
4016
3786
3787
4017
4014
4013
4012
4015
3930
3921
3758
3737
3952
3767
3973
3977
3789
3927
3948
4004
3785
3776
3932
3918
3867
3898
3946
4000
3772
3889
3811
3835
3853
3746
3814
3754
3706
3718
3940
3760
3910
3773
3819
3755
3751
3716
3759
3827
3817
3779
3703
3895
3922
3896
3818
3830
3829
3834
3833
3679
3824
3681
3714
3784
3961
3872
4003
3860
3747
3909
3979
3892
3893
4001
3807
3815
3838
3845
3794
3813
3976
3711
3886
3826
3793
3890
3985
3983
3828
3682
3705
3837
3840
3748
3982
3839
3970
3803
3694
4010
3741
3945
3764
3960
3959
3868
3692
3725
3963
3972
3743
3899
3894
3795
3800
3846
3944
3908
3981
3925
3858
3689
3988
3991
3995
3996
3997
3990
3987
3766
3752
3950
3931
3998
3749
3739
3796
3744
3847
3734
3883
3992
3742
3955
3954
3942
3770
3809
3730
3965
3848
4512
4614
4613
4413
4431
4190
4352
4510
4629
4281
4286
4163
4164
4076
4324
4174
4176
4252
4315
4603
4602
4564
4316
4356
4357
4355
4354
4113
4284
4285
4637
4159
4477
4028
4268
4340
4177
4205
4488
4608
4297
4319
4320
4568
4553
4301
4338
4504
4604
4152
4194
4179
4180
4242
4246
4523
4270
4322
4248
4064
4063
4499
4418
4053
4240
4267
4256
4040
4336
4607
4597
4628
4627
4184
4186
4237
4161
4609
4468
4245
4351
4196
4598
4020
4472
4555
4639
4280
4524
4303
4646
4645
4084
4085
4269
4515
4276
4642
4478
4198
4538
4503
4308
4138
4222
4224
4517
4035
4640
4641
4650
4202
4307
4221
4528
4045
4219
4560
4370
4371
4231
4125
4487
4616
4135
4373
4540
4295
4305
4097
4643
4331
4199
4157
4092
4142
4444
4323
4096
4364
4074
4502
4290
4578
4154
4151
4577
4060
4033
4479
4457
4490
4124
4137
4496
4450
4077
4481
4574
4147
4480
4482
4328
4558
4187
4473
4329
4215
4339
4311
4334
4520
4050
4535
4036
4274
4436
4106
4133
4139
4057
4021
4211
4539
4536
4051
4093
4489
4277
4587
4279
4278
4612
4649
4652
4218
4363
4365
4519
4116
4037
4070
4071
4072
4075
4150
4302
4575
4298
4505
4038
4327
4569
4079
4292
4551
4141
4314
4185
4372
4188
4197
4310
4309
4191
4195
4042
4122
4325
4358
4214
4031
4233
4241
4484
4062
4065
4088
4474
4532
4109
4110
4312
4467
4469
4127
4129
4617
4361
4132
4220
4090
4359
4143
4475
4066
4584
4543
4067
4293
4026
4453
4544
4548
4462
4306
4367
4232
4213
4600
4601
4606
4531
4117
4599
4557
4024
4466
4445
4476
4353
4144
4592
4333
4203
4207
4046
4464
4501
4521
4384
4458
4118
4100
4442
4618
4556
4621
4638
4552
4516
4335
4542
4291
4566
4381
4130
4019
4559
4039
4545
4590
4289
4589
4369
4576
4321
4294
4235
4209
4119
4120
4095
4181
4586
4470
4300
4258
4471
4201
4506
4492
4456
4491
4454
4443
4362
4192
4189
4055
4518
4263
4257
4622
4296
4565
4567
4610
4387
4455
4332
4497
4206
4236
4049
4273
4166
4395
4158
4134
4216
4393
4392
4390
4451
4630
4526
4029
4027
4648
4131
4234
4585
4583
4115
4461
4460
4396
4572
4571
4175
4140
4441
4463
4394
4091
4452
4493
4619
4411
4403
4402
4410
4409
4408
4405
4404
4406
4212
4243
4594
4595
4283
4128
4653
4654
4655
4656
4121
4087
4086
4262
4043
4044
4282
4149
4511
4533
4102
4200
4388
4647
4459
4025
4407
4313
4400
4446
4368
4275
4167
4169
4182
4089
4547
4346
4107
4651
4379
4378
4377
4382
4054
4495
4160
4494
4421
4104
4101
4414
4498
4244
4635
4030
4465
4259
4415
4123
4022
4318
4513
4554
4153
4288
4265
4261
4644
4562
4561
4634
4047
4145
4271
4563
4573
4266
4264
4155
4317
4178
4254
4111
4112
4260
4623
4427
4272
4162
4183
4078
4105
4239
4114
4287
4591
4433
4633
4058
4059
4486
4624
4541
4249
4397
4620
4238
4247
4615
4136
4032
4636
4229
4228
4227
4230
4225
4330
4210
4094
4226
4349
4537
4148
4048
4399
4507
4422
4425
4108
4605
4530
4204
4593
4383
4170
4099
4424
4509
4412
4081
4080
4083
4082
4514
4389
4579
4448
4366
4428
4435
4337
4534
4529
4437
4527
4061
4611
4023
4073
4326
4570
4434
4380
4391
4430
4398
4386
4146
4069
4432
4438
4165
4250
4251
4253
4549
4223
4052
4500
4522
4401
4485
4447
4344
4345
4596
4343
4376
4347
4348
4449
4068
4374
4360
4034
4126
4631
4546
4304
4582
4417
4439
4208
4103
4632
4299
4420
4385
4440
4419
4056
4168
4172
4550
4508
4525
4416
4588
4429
4423
4041
4255
4580
4581
4341
4342
4426
4626
4625
4375
4098
4483
4156
4193
4350
4171
4173
4217
4657
4658
4659
4660
4661
4662
4663
4664
4665
4666
4668
4667
4670
4672
4671
4669
4674
4675
4676
4677
4678
4679
4680
4681
4682
4683
4684
4686
4687
4688
4689
4690
4691
4692
4693
4694
4695
4696
4697
4698
4699
4700
4701
4702
4703
4704
4705
4706
4707
4708
4709
4710
4711
4712
4713
4714
4715
4716
4717
4717
4718
4719
4720
4721
4722
4723
4724
4725
4726
4727
4728
4729
4730
4731
4735
4744
4743
4739
4736
4738
4745
4747
4737
4740
4741
4732
4746
4748
4734
4742
4733
4749
4772
4768
4782
4759
4789
4762
4753
4791
4807
4808
4806
4796
4785
4801
4802
4780
4790
4794
4766
4752
4809
4795
4777
4797
4755
4779
4773
4787
4758
4792
4784
4769
4771
4781
4805
4775
4754
4778
4764
4810
4757
4767
4800
4774
4804
4761
4760
4770
4799
4793
4765
4763
4786
4798
4803
4776
4811
4756
4783
4788
4812
4750
4751
4813
4814
4815
4816
4817
4818
4819
4820
4821
4822
4823
4824
4825
4826
4827
4829
4830
4831
4832
4833
4834
4835
4836
4837
4838
4839
4840
4841
4842
4843
4844
4845
4846
4847
4848
4849
4850
4851
4852
4853
4854
4855
4856
4857
4858
4859
4860
4861
4862
4864
4866
4871
4867
4870
4872
4873
4868
4869
4874
4875
4876
4877
4878
4880
4879
4890
4907
4942
4911
4949
4952
4951
4950
4886
4943
4925
4885
4920
4959
4946
4938
4936
4896
4932
4956
4939
4954
4940
4892
4937
4947
4945
4953
4944
4897
4906
4955
4902
4893
4905
4931
4928
4929
4918
4891
4882
4915
4888
4894
4883
4914
4895
4908
4899
4934
4916
4941
4933
4935
4903
4957
4961
4889
4904
4948
4887
4927
4881
4923
4900
4901
4921
4909
4913
4930
4917
4922
4919
4884
4926
4924
4910
4912
4898
4958
4960
4963
4964
4965
4966
4967
4968
4969
4970
4971
4972
4973
4974
4975
4976
4977
4978
4979
4980
4981
4982
4983
4984
4985
4986
4987
4988
5004
4995
4997
4993
4989
4998
4999
4996
5001
5003
5000
4994
5002
4991
5005
4990
5006
4992
5007
5008
5009
5010
5024
5013
5020
5021
5018
5016
5017
5012
5022
5023
5014
5025
5019
5011
5026
5027
5028
5029
5032
5030
5031
5033
5034
5035
5036
5037
5038
5039
5040
5041
5042
5043
5044
5045
5046
5047
5048
5049
5050
5051
5052
5053
5054
5055
5056
5057
5058
5059
5060
5061
5062
5063
5064
5065
5066
5067
5068
5069
5070
5071
5072
5073
5074
5075
5076
5077
5081
5078
5084
5082
5080
5083
5079
5089
5090
5086
5100
5110
5124
5121
5127
5122
5113
5105
5099
5092
5134
5131
5135
5081
5096
5132
5106
5078
5084
5112
5144
5147
5137
5149
5138
5139
5103
5097
5128
5109
5094
5136
5117
5140
5082
5133
5108
5101
5080
5083
5148
5079
5114
5142
5089
5141
5123
5125
5120
5119
5130
5146
5115
5129
5126
5107
5145
5098
5093
5104
5118
5090
5086
5087
5095
5102
5143
5116
5111
5091
5085
5150
5151
5152
5153
5154
5155
5156
5159
5158
5157
5160
5161
5162
5163
5164
5165
5166
5167
5168
5169
5170
5171
5172
5173
5174
5175
5176
5177
5178
5179
5180
5181
5182
5183
5184
5185
5186
5187
5188
5189
5190
5191
5192
5193
5194
5195
5196
5197
5205
5199
5203
5204
5207
5198
5206
5202
5208
5201
5200
5209
5210
5211
5212
5213
5214
5215
5216
5217
5218
5219
5221
5222
5223
5228
5225
5231
5232
5230
5224
5227
5229
5226
5234
5235
5236
5237
5239
5242
5240
5238
5241
5243
5244
5245
5246
5247
5248
5249
5250
5251
5252
5253
5254
5255
5258
5257
5264
5263
5265
5266
5262
5259
5256
5260
5261
5267
5268
5269
5270
5271
5272
5273
5274
5275
5276
5277
5278
5279
5280
5281
5282
5283
5284
5285
5286
5287
5288
5289
5290
5291
5292
5294
5295
5296
5297
5298
5299
5300
5301
5302
5303
5304
5305
5306
5307
5308
5309
5310
5311
5312
5313
5314
5315
5316
5317
5318
5319
5320
5321
5322
5323
5324
5325
5326
5327
5329
5333
5332
5331
5330
5334
5340
5348
5339
5337
5336
5338
5335
5345
5342
5346
5341
5347
5343
5344
5349
5350
5351
5352
5353
5357
5356
5355
5354
5358
5359
5360
5361
5362
5363
5364
5365
5366
5367
5368
5369
5370
5371
5372
5374
5375
5376
5377
5379
5380
5378
1
2
3
4
5
6
7
8
9
10
11
12
13
14
15
16
17
18
19
20
21
22
23
24
25
26
27
28
29
30
31
32
33
34
35
36
39
38
41
42
43
48
40
46
47
37
45
44
49
50
51
52
53
54
55
56
57
58
59
60
61
62
63
64
65
66
67
68
69
70
71
72
73
74
75
76
77
78
79
80
81
82
83
84
85
86
87
88
89
90
91
92
93
94
95
96
97
98
99
100
101
102
103
104
105
106
107
108
109
110
111
112
113
114
115
116
117
118
119
120
121
122
123
124
125
126
127
128
129
130
131
132
133
134
135
136
137
138
139
140
141
142
143
144
145
146
147
148
149
150
151
152
153
154
155
156
157
158
159
160
161
162
163
164
165
166
167
168
169
170
171
172
173
174
175
176
177
178
179
180
181
182
183
184
185
186
187
188
189
190
191
192
193
194
195
196
198
199
200
201
202
203
204
205
206
207
208
209
210
211
212
213
214
215
216
217
218
219
225
223
221
224
220
222
226
227
228
229
230
231
232
233
234
235
236
237
238
239
240
241
242
243
244
245
246
248
247
249
250
251
252
253
254
256
255
257
258
259
260
261
262
263
264
265
266
267
268
269
270
271
272
273
274
275
276
277
278
279
280
281
282
283
284
285
286
287
288
289
290
291
292
293
294
295
296
297
298
299
300
301
302
303
304
305
306
307
308
309
310
311
312
313
314
315
316
317
318
319
320
321
322
324
323
325
326
327
328
329
330
331
332
333
334
335
336
337
338
339
340
341
342
343
344
345
346
350
347
349
348
351
352
353
354
355
356
357
358
359
360
361
362
363
364
365
366
367
368
369
371
372
376
374
377
370
378
375
373
379
380
381
382
383
384
385
386
387
397
388
389
398
399
395
396
391
392
393
390
400
401
402
403
404
405
406
407
408
409
410
411
412
413
414
417
420
418
416
419
415
421
422
423
474
454
500
497
439
449
452
429
453
446
467
471
424
425
436
437
444
503
462
465
451
485
492
434
504
427
466
476
477
484
435
464
433
445
448
458
459
486
447
473
432
430
469
457
440
481
480
463
488
461
493
502
455
472
495
441
426
470
450
443
483
490
442
501
468
489
438
456
487
479
478
431
491
460
428
494
496
498
499
475
565
524
567
560
526
547
549
572
551
575
569
508
579
561
543
553
552
555
541
556
506
573
570
562
554
505
550
581
545
559
576
548
568
557
537
542
520
515
540
574
518
517
523
516
521
544
522
538
507
512
509
558
527
546
525
566
529
580
578
519
528
564
514
539
533
577
513
530
510
532
585
535
583
511
582
536
584
563
571
586
587
588
589
590
591
592
593
594
595
596
597
598
600
601
602
603
604
605
606
607
608
609
610
611
612
613
614
615
616
617
618
619
620
621
622
623
624
625
626
627
628
629
630
631
632
633
634
635
636
637
638
639
640
641
642
643
644
645
646
647
648
649
650
651
652
653
654
655
656
657
658
659
660
661
662
663
664
665
666
677
668
673
670
671
675
672
674
678
667
676
679
669
680
681
682
696
694
693
687
698
684
683
690
697
689
692
695
685
688
686
691
699
700
701
702
703
704
705
706
707
708
709
710
711
712
713
714
715
716
717
718
719
720
721
722
723
724
725
726
727
728
729
730
731
732
733
734
735
736
737
738
739
740
741
742
743
744
745
746
747
748
749
750
751
753
752
754
755
756
757
758
774
766
770
759
772
768
771
763
773
767
764
761
762
769
765
760
775
778
776
779
777
780
781
783
782
784
785
786
796
797
788
792
789
798
795
794
790
786
799
819
796
802
797
788
809
822
812
806
810
807
813
814
803
811
792
815
808
823
789
817
816
798
800
795
794
805
821
790
804
801
820
793
818
791
787
824
825
826
827
828
829
830
831
832
833
834
835
836
837
838
839
845
841
840
842
846
851
850
844
849
848
843
847
852
853
854
855
856
858
857
859
860
861
862
863
864
865
866
867
868
869
870
871
872
873
874
895
892
881
897
885
894
884
883
875
880
879
878
896
876
877
882
887
891
890
888
886
889
893
898
899
900
901
902
903
904
905
906
907
908
909
910
911
912
913
914
915
916
917
918
969
949
936
973
962
933
958
957
938
976
979
950
972
959
946
963
954
978
935
929
920
919
960
968
930
927
932
966
926
977
981
970
951
975
964
941
965
947
953
967
939
928
980
961
974
956
931
922
952
955
982
942
923
945
924
943
948
971
925
940
983
944
921
934
937
984
985
986
987
988
990
989
991
992
993
994
995
996
997
998
999
1000
1001
1002
1003
1004
1005
1006
1007
1008
1009
1010
1011
1012
1014
1013
1015
1016
1017
1018
1019
1020
1021
1022
1023
1024
1025
1026
1027
1028
1029
1030
1031
1032
1033
1034
1035
1036
1037
1038
1039
1040
1041
1042
1043
1044
1045
1046
1047
1048
1049
1050
1051
1052
1053
1054
1055
1056
1057
1058
1059
1060
1061
1062
1063
1064
1065
1066
1067
1068
1069
1070
1071
1072
1073
1074
1088
1080
1089
1091
1079
1082
1090
1086
1084
1081
1093
1095
1094
1096
1097
1092
1077
1087
1083
1075
1076
1078
1085
1098
1099
1100
1101
1102
1103
1104
1105
1106
1107
1108
1109
1110
1111
1112
1113
1114
1115
1116
1118
1117
1119
1126
1124
1129
1132
1121
1131
1122
1123
1130
1133
1128
1125
1120
1127
1134
1137
1143
1144
1140
1139
1138
1141
1142
1136
1135
1145
1146
1147
1148
1149
1150
1151
1152
1153
1154
1155
1156
1159
1158
1163
1160
1161
1162
1157
1164
1165
1166
1167
1168
1169
1170
1171
1172
1173
1174
1175
1176
1177
1178
1179
1180
1181
1182
1183
1184
1185
1186
1187
1188
1189
1190
1191
1192
1193
1194
1203
1198
1214
1217
1215
1210
1216
1195
1209
1206
1207
1196
1212
1211
1213
1205
1201
1199
1208
1200
1197
1204
1202
1218
1219
1221
1220
1222
1223
1224
1225
1226
1227
1228
1229
1231
1230
1232
1233
1234
1235
1236
1237
1238
1239
1240
1241
1242
1243
1244
1245
1246
1247
1248
1249
1250
1251
1252
1253
1254
1255
1256
1257
1258
1259
1260
1266
1261
1265
1264
1263
1262
1267
1268
1269
1270
1271
1272
1273
1274
1275
1276
1280
1283
1279
1284
1282
1277
1285
1278
1281
1286
1287
1288
1289
1290
1291
1292
1293
1294
1295
1296
1297
1298
1299
1300
1301
1302
1303
1305
1306
1307
1308
1309
1310
1311
1312
1313
1314
1315
1316
1317
1318
1319
1320
1321
1322
1323
1324
1325
1326
1327
1328
1329
1330
1331
1332
1333
1334
1335
1336
1337
1338
1339
1340
1341
1342
1343
1344
1345
1346
1347
1348
1349
1350
1351
1352
1353
1354
1355
1356
1357
1358
1359
1360
1361
1362
1363
1364
1365
1366
1367
1368
1369
1370
1371
1372
1373
1374
1375
1376
1377
1378
1379
1380
1381
1382
1383
1384
1386
1387
1388
1389
1390
1391
1392
1393
1394
1395
1396
1397
1399
1400
1401
1402
1403
1404
1405
1406
1407
1408
1409
1410
1411
1412
1413
1414
1415
1416
1417
1418
1419
1420
1421
1422
1423
1424
1425
1426
1427
1428
1429
1430
1431
1432
1434
1435
1436
1437
1438
1439
1440
1441
1442
1443
1444
1445
1446
1447
1448
1449
1450
1451
1452
1454
1455
1456
1457
1458
1459
1460
1461
1462
1463
1464
1465
1466
1467
1468
1469
1470
1471
1472
1473
1474
1475
1476
1477
1478
1479
1480
1481
1482
1488
1487
1489
1485
1486
1483
1484
1490
1491
1492
1493
1494
1495
1496
1497
1498
1499
1500
1501
1502
1503
1504
1508
1511
1510
1513
1514
1505
1512
1507
1506
1509
1515
1517
1516
1518
1519
1520
1521
1522
1525
1528
1523
1524
1527
1526
1529
1530
1531
1532
1533
1534
1535
1536
1537
1538
1539
1540
1541
1544
1547
1543
1552
1554
1550
1551
1548
1542
1546
1555
1549
1545
1553
1557
1556
1558
1559
1560
1561
1562
1573
1567
1571
1565
1566
1564
1569
1563
1574
1572
1568
1575
1576
1577
1578
1579
1580
1581
1582
1583
1584
1585
1586
1587
1588
1589
1590
1591
1592
1593
1594
1595
1596
1609
1601
1605
1599
1600
1611
1612
1598
1607
1603
1597
1606
1604
1602
1608
1610
1616
1623
1613
1625
1597
1618
1624
1606
1604
1615
1620
1602
1619
1622
1617
1608
1614
1621
1626
1627
1610
1628
1629
1630
1631
1633
1637
1636
1635
1632
1634
1638
1639
1640
1641
1642
1643
1644
1645
1646
1647
1648
1649
1650
1651
1652
1653
1654
1655
1656
1657
1658
1659
1662
1661
1663
1660
1664
1665
1666
1667
1668
1669
1670
1671
1672
1673
1674
1675
1676
1677
1678
1679
1680
1681
1682
1683
1684
1685
1686
1687
1688
1689
1691
1694
1695
1690
1693
1696
1697
1698
1699
1700
1701
1702
1703
1704
1705
1713
1706
1707
1708
1710
1709
1711
1712
1714
1715
1716
1717
1718
1719
1720
1721
1722
1723
1724
1725
1726
1727
1728
1729
1730
1731
1732
1733
1734
1735
1736
1737
1738
1739
1740
1741
1742
1743
1744
1745
1746
1747
1748
1749
1750
1751
1752
1753
1754
1755
1756
1757
1758
1759
1760
1761
1762
1763
1764
1765
1766
1767
1768
1769
1770
1771
1772
1773
1774
1775
1776
1777
1778
1779
1780
1781
1782
1783
1784
1785
1786
1787
1788
1789
1790
1791
1792
1793
1794
1795
1796
1797
1798
1799
1801
1802
1803
1804
1805
1806
1807
1808
1809
1810
1811
1812
1813
1814
1815
1816
1817
1818
1819
1820
1821
1822
1823
1824
1825
1826
1827
1828
1829
1830
1831
1832
1833
1834
1835
1836
1837
1838
1839
1840
1841
1842
1843
1844
1845
1846
1847
1848
1849
1850
1851
1852
1853
1854
1855
1856
1857
1859
1860
1861
1862
1863
1864
1865
1866
1867
1868
1869
1870
1872
1873
1874
1875
1876
1877
1878
1880
1879
1882
1883
1884
1885
1886
1887
1888
1889
1890
1891
1892
1893
1894
1895
1896
1897
1898
1899
1900
1901
1902
1903
1904
1905
1906
1907
1908
1909
1910
1911
1913
1914
1915
1916
1917
1918
1919
1920
1921
1929
1928
1927
1930
1922
1923
1924
1926
1925
1933
1934
1935
1936
1937
1938
1939
1940
1941
1942
1943
1944
1945
1946
1947
1948
1949
1950
1951
1952
1953
1954
1955
1956
1957
1958
1959
1960
1961
1962
1963
1964
1965
1966
1967
1968
1969
1970
1971
1972
1973
1974
1975
1976
1977
1978
1979
1980
1981
1982
1983
1984
1985
1986
1987
1988
1989
1990
1991
1992
1993
1994
1995
1996
1997
1998
1999
2000
2001
2002
2003
2004
2005
2006
2007
2008
2009
2010
2011
2012
2013
2014
2015
2016
2017
2018
2019
2020
2021
2022
2023
2024
2025
2026
2027
2028
2029
2030
2031
2032
2033
2034
2035
2036
2037
2038
2039
2040
2041
2042
2043
2044
2045
2046
2047
2048
2049
2050
2051
2052
2053
2054
2055
2056
2057
2058
2059
2060
2061
2062
2063
2064
2065
2066
2067
2068
2069
2070
2071
2072
2073
2074
2075
2076
2077
2078
2079
2080
2081
2082
2083
2084
2085
2086
2087
2088
2089
2090
2091
2092
2093
2094
2095
2096
2097
2098
2099
2100
2101
2102
2103
2104
2105
2106
2107
2108
2110
2109
2111
2112
2113
2114
2115
2116
2117
2118
2119
2120
2121
2122
2123
2124
2125
2126
2127
2128
2129
2130
2131
2132
2133
2134
2135
2136
2137
2138
2139
2141
2140
2142
2143
2144
2145
2146
2147
2148
2149
2150
2151
2152
2153
2154
2155
2156
2157
2158
2159
2160
2161
2162
2163
2164
2165
2166
2167
2168
2169
2177
2170
2172
2176
2171
2175
2179
2178
2173
2180
2181
2182
2183
2184
2185
2186
2187
2188
2189
2190
2191
2192
2193
2194
2195
2196
2197
2198
2199
2200
2201
2202
2203
2204
2205
2206
2207
2208
2209
2210
2211
2212
2213
2214
2215
2216
2217
2218
2219
2220
2221
2222
2223
2224
2225
2226
2231
2227
2232
2230
2228
2229
2237
2240
2235
2236
2234
2238
2233
2239
2243
2242
2241
2245
2244
2246
2247
2248
2249
2250
2251
2252
2254
2255
2256
2257
2258
2261
2260
2265
2262
2259
2263
2264
2266
2267
2268
2269
2270
2271
2272
2277
2275
2273
2274
2276
2279
2278
2280
2281
2282
2283
2284
2285
2283
2312
2340
2298
2310
2307
2304
2318
2360
2301
2312
2335
2340
2375
2298
2376
2310
2370
2307
2304
2385
2312
2312
2312
2312
2340
2340
2312
2375
2312
2340
2312
2312
2298
2375
2340
2376
2312
2340
2375
2298
2376
2310
2370
2307
2304
2385
2312
2340
2375
2298
2312
2376
2340
2310
2375
2370
2298
2307
2376
2304
2310
2385
2370
2307
2304
2385
2458
2430
2433
2417
2449
2474
2479
2396
2395
2406
2424
2392
2466
2480
2418
2388
2448
2452
2398
2389
2491
2492
2402
2399
2400
2456
2451
2468
2455
2453
2391
2390
2450
2483
2461
2493
2494
2489
2490
2484
2496
2441
2462
2393
2482
2460
2469
2477
2471
2467
2454
2486
2404
2407
2439
2442
2435
2431
2403
2411
2459
2436
2416
2447
2405
2432
2425
2427
2412
2472
2475
2426
2487
2419
2445
2428
2488
2485
2470
2415
2476
2437
2410
2473
2457
2429
2397
2464
2495
2423
2463
2420
2438
2434
2414
2422
2481
2440
2409
2408
2413
2443
2446
2394
2421
2465
2444
2401
2312
2340
2375
2298
2376
2310
2370
2307
2304
2385
2318
2360
2301
2335
2380
2364
2363
2314
2367
2368
2320
2357
2362
2377
2369
2324
2379
2330
2338
2321
2333
2317
2354
2352
2365
2351
2313
2289
2353
2343
2302
2341
2337
2286
2371
2295
2303
2292
2344
2322
2336
2339
2497
2334
2284
2326
2285
2345
2319
2359
2283
2327
2291
2293
2296
2297
2381
2386
2311
2287
2308
2309
2361
2366
2316
2288
2294
2300
2374
2342
2323
2373
2378
2355
2356
2290
2305
2350
2349
2358
2328
2348
2372
2346
2315
2331
2325
2299
2347
2329
2332
2383
2384
2498
2499
2500
2501
2502
2503
2504
2505
2506
2507
2508
2509
2510
2511
2512
2513
2514
2515
2516
2517
2518
2519
2520
2521
2522
2523
2524
2525
2527
2528
2529
2530
2531
2532
2533
2534
2535
2536
2537
2538
2539
2540
2541
2542
2543
2544
2545
2546
2547
2548
2549
2550
2551
2552
2553
2558
2554
2561
2559
2555
2560
2557
2565
2566
2563
2564
2567
2562
2568
2571
2569
2570
2572
2573
2575
2580
2574
2581
2578
2572
2583
2576
2582
2573
2579
2577
2584
2585
2589
2588
2593
2590
2595
2591
2592
2594
2587
2596
2598
2599
2597
2600
2601
2667
2609
2669
2647
2672
2621
2662
2611
2628
2604
2623
2618
2670
2630
2629
2614
2663
2624
2626
2664
2627
2605
2638
2631
2633
2617
2639
2608
2649
2665
2634
2613
2625
2615
2632
2635
2650
2655
2661
2602
2654
2653
2612
2648
2616
2636
2620
2637
2657
2668
2610
2644
2603
2622
2675
2674
2659
2607
2673
2606
2660
2642
2651
2643
2666
2646
2641
2656
2619
2652
2645
2671
2658
2640
2676
2677
2678
2681
2680
2679
2682
2683
2684
2685
2686
2689
2688
2687
2690
2765
2771
2708
2707
2751
2724
2742
2774
2733
2768
2713
2698
2770
2729
2701
2743
2752
2702
2762
2773
2761
2757
2759
2758
2715
2735
2746
2734
2744
2714
2716
2745
2727
2775
2730
2732
2722
2754
2728
2703
2753
2731
2717
2705
2740
2778
2719
2766
2737
2723
2721
2712
2777
2764
2769
2725
2709
2726
2706
2763
2747
2710
2772
2711
2736
2748
2749
2767
2755
2760
2776
2720
2750
2718
2741
2704
2756
2738
2739
2699
2700
2697
2694
2691
2695
2696
2692
2693
2779
2780
2781
2782
2783
2784
2785
2786
2787
2788
2789
2790
2791
2792
2793
2794
2795
2796
2797
2799
2800
2801
2802
2803
2804
2805
2806
2807
2808
2809
2810
2811
2812
2813
2814
2815
2816
2817
2818
