7
3
4
13
6
20
21
12
10
11
5
19
18
22
14
17
15
16
1
2
8
9
23
24
25
26
27
28
29
30
31
32
33
34
35
36
37
38
39
40
41
42
43
44
45
46
47
48
49
50
51
53
54
55
56
57
58
59
60
61
62
63
64
65
66
67
68
120
121
122
131
165
367
368
378
379
380
365
366
377
69
369
370
371
372
373
374
722
695
709
746
753
721
698
757
706
738
1455
1442
1435
1797
1798
1276
1573
1572
1419
1678
1676
1488
1489
1490
1491
1493
1494
1495
1496
1497
1498
1499
1500
1535
1536
1537
1538
1539
1540
1475
1476
1477
1478
1480
1530
1479
1481
1531
1532
1533
1541
1542
1482
1483
1501
1502
1503
1504
1506
1518
1519
1543
1484
1521
1544
1546
1548
1550
1552
1534
1578
1516
1517
1520
1522
1485
1486
1507
1510
1523
1524
1529
1553
1505
1509
1549
1551
1508
1487
1511
1512
1513
1514
1515
1525
1526
1527
1528
1561
1576
1654
1663
1661
1660
1659
1656
1655
1653
1685
1680
1675
1674
1673
1672
1671
1670
1669
1700
1699
1698
1696
1695
1693
1692
1691
1690
1263
1741
1740
1739
1782
1781
1780
1779
1778
1777
1776
1774
1736
1773
1114
1115
1116
1117
1118
1119
1121
1122
1123
1124
1749
1750
1751
1753
1754
1755
1756
1758
1759
852
851
850
848
853
854
1760
1764
1765
1766
1767
1768
1769
1770
1771
847
1631
1632
1633
1634
1636
1637
1638
1639
1640
1641
839
840
841
842
845
846
1594
1595
1603
1604
1606
1607
1587
1589
1590
1592
1387
1388
1389
1390
1391
1392
1394
1395
1396
1398
1399
1400
1401
1402
1404
1405
1406
1407
1409
1565
1566
1567
1569
1574
1577
1579
1580
1581
1582
1583
1584
1386
1385
1383
1382
1381
1380
1379
1377
1376
1375
1374
1373
1371
1370
1369
1368
1367
1366
1364
1363
1362
1361
1360
1358
1357
1356
1355
1353
1352
1351
1349
1348
1596
1597
1599
1600
1620
1621
1625
1626
1627
1629
1623
1609
1613
1614
1616
1612
1611
1615
1618
1624
1630
1181
1179
1180
1177
1176
1174
1175
1172
1173
1170
1171
1160
1156
1155
1157
1161
1226
1248
1225
1235
1236
1238
1239
1240
1241
1243
1244
1245
1246
1247
1228
844
843
1229
1230
1231
1233
1234
1249
1250
1251
1252
1224
1167
1164
1165
1162
1163
1216
1198
1195
1196
1194
1187
1184
1223
1221
1222
1219
1220
1217
1218
1213
1214
1212
1209
1210
1207
1208
1206
1204
1205
1200
1201
1199
1197
1193
1191
1192
1189
1188
1186
1253
1341
1342
1343
1344
1275
1339
1338
1337
1336
1335
1334
1332
1331
1330
1274
1272
1271
1270
1269
1268
1267
1266
1264
1262
1261
1260
1259
1258
1257
1256
1255
1254
1152
1149
1150
1154
1147
1148
1145
1146
1144
1141
1142
1140
1137
1138
1135
1136
1133
1134
1129
1130
1127
1128
1126
1132
1328
1329
809
810
811
812
814
813
815
817
818
819
820
821
822
823
824
825
827
828
829
831
832
833
835
1105
1110
903
904
909
906
918
907
1315
1281
1279
1278
1277
1327
1324
1322
1321
1320
1319
1317
1326
1109
1323
1318
1608
1799
905
1108
1098
1099
912
914
916
1097
1101
1089
1103
1095
1056
1096
931
929
940
935
937
936
943
933
934
941
942
938
919
930
1061
932
939
1051
1052
1074
1072
1046
834
1662
1159
1563
1125
1790
1203
1775
1190
1183
808
1588
1350
1712
1635
1687
1185
874
1211
1354
1650
1747
882
836
807
1237
1763
830
1333
1102
1091
1104
1044
872
1092
1079
1093
1100
1090
1094
1082
1081
1080
1086
1087
900
1078
1068
1054
1085
1088
1069
1071
1073
1075
1076
1083
1084
1077
1055
1053
1066
1065
1062
1067
1060
1059
1063
1057
1064
1058
920
927
928
922
923
924
926
908
1106
1107
910
911
913
915
917
1347
895
896
901
902
897
898
899
806
925
873
876
877
878
879
880
881
883
884
885
886
887
888
889
893
892
891
890
1713
1714
1715
1716
1718
1719
1720
1721
1722
1723
1702
1703
1704
1705
1706
1708
1709
1710
1711
1786
1787
1788
1789
1792
1793
1794
1795
1796
1737
1651
1649
1648
1647
1646
1645
1735
1734
1733
1731
1730
1729
1728
1727
1725
1724
1746
1745
1744
1743
1742
1153
826
1575
1628
1772
1598
1120
1619
1372
1610
1166
1726
1345
1397
1378
1707
1602
1384
1622
1585
1694
1242
1658
837
1168
1169
1151
1701
855
1408
894
1668
1752
1139
1227
1359
1757
1158
1232
856
1340
1365
1131
1738
1215
1325
1202
1265
792
1393
1717
1273
1178
1143
816
1689
1591
1652
1644
1346
1070
1047
1048
1045
1049
1041
1037
1040
1023
1042
1027
1039
1024
1026
1036
1034
1033
1050
1043
1025
1031
945
1032
1035
1029
1030
1038
921
947
950
946
805
951
1028
952
948
949
944
955
967
954
964
961
960
956
959
957
953
966
965
962
958
963
969
975
976
970
971
972
973
1013
1010
1011
1017
992
991
1022
1021
1019
1012
1020
1016
1015
1018
983
968
1014
974
1008
1007
993
1006
995
977
981
978
979
980
1005
994
996
1004
1003
1009
1000
1667
997
998
1001
982
988
989
990
1002
985
986
999
987
875
984
1420
1802
795
800
788
791
793
794
804
801
790
799
796
779
803
1558
787
784
778
1664
781
1113
1762
783
782
786
777
766
780
775
1643
776
765
764
1414
773
769
797
767
774
1562
1560
1801
1800
1111
771
785
789
1688
772
1428
768
1112
1423
1422
1421
770
1452
1453
1665
1686
1642
1415
1679
1683
1681
1682
1410
1412
1557
1554
1417
1411
1559
1413
1416
1418
1666
1761
1732
1568
1547
868
865
866
867
870
871
869
1783
1784
1785
1449
1448
1447
1446
1445
1444
1443
1441
1440
1439
1438
1436
1429
1427
1425
1450
1430
1432
1433
1426
859
860
862
863
1282
1283
1285
1286
1280
861
1287
1288
1289
1605
1291
1292
1293
1437
838
1677
1697
864
1564
858
802
1571
763
1182
1545
1748
1492
1601
1617
1586
1434
849
1593
857
1424
1290
1299
1296
1297
1298
798
1684
1403
1295
1294
1307
1310
1313
1314
1555
1556
1284
1300
1301
1302
1303
1304
1305
1306
1308
1309
1311
1312
1451
1454
1456
1457
1458
1459
1460
1461
1462
1463
1464
1465
1466
1467
1468
1469
1470
1471
1472
1473
1474
1657
1316
1570
1791
1431
717
715
760
690
759
758
756
755
754
752
751
750
749
748
747
745
744
743
742
741
740
739
737
728
727
725
724
723
720
719
718
716
714
713
692
694
696
697
699
700
701
702
705
704
707
710
708
729
733
732
731
730
761
734
711
735
736
726
703
712
691
693
762
375
376
74
492
362
382
384
383
363
423
353
354
403
408
402
422
356
424
418
87
86
415
412
409
406
417
420
395
497
496
494
493
79
80
81
82
84
78
399
400
401
505
504
77
76
73
72
75
394
407
396
397
398
506
83
364
386
385
360
359
358
426
381
357
361
334
352
355
404
390
391
392
393
502
501
500
499
498
405
495
491
416
411
490
413
488
410
427
421
480
429
414
481
428
301
302
430
486
489
482
484
508
509
510
507
300
299
485
487
96
94
95
89
90
91
92
85
483
97
99
93
126
106
303
305
271
270
272
274
269
144
188
273
265
266
308
304
264
267
298
268
297
275
309
307
102
104
103
105
100
101
442
438
441
447
451
449
114
117
119
112
111
108
107
115
118
110
109
123
124
452
311
276
279
293
262
277
261
295
88
260
313
440
437
278
315
314
258
291
439
450
436
281
116
280
263
310
296
259
294
292
312
454
453
448
435
289
290
431
455
434
456
432
433
458
457
286
628
212
211
283
287
214
201
206
210
209
147
255
213
202
207
205
257
216
253
285
282
215
204
217
350
351
203
348
256
251
254
218
345
344
250
208
349
347
346
343
342
284
247
219
221
288
252
248
245
246
443
444
220
340
341
249
339
338
332
333
335
336
337
331
222
223
224
235
239
230
237
234
236
241
243
225
244
242
240
238
233
231
232
229
227
228
226
195
196
197
198
199
200
476
475
473
474
462
387
388
461
469
471
472
389
464
463
460
459
470
478
479
181
465
186
187
184
185
182
183
189
190
191
192
193
194
477
70
542
543
544
547
548
550
553
554
557
592
594
599
600
564
601
558
560
561
607
610
606
629
632
635
546
551
552
555
556
591
593
595
596
598
559
562
563
566
419
616
565
567
568
602
604
605
603
608
615
630
631
633
634
636
637
638
618
619
620
621
622
623
624
625
626
627
468
609
466
467
152
153
154
155
156
157
158
159
160
161
162
163
180
179
178
177
176
175
174
173
172
171
170
169
545
643
644
645
646
647
597
611
613
649
650
651
652
653
656
639
640
641
330
612
654
642
529
532
535
539
648
655
530
528
527
525
522
520
533
540
583
534
538
579
580
573
572
569
516
575
576
589
587
586
585
584
524
536
582
571
523
511
513
541
588
577
321
323
324
325
326
327
328
329
514
581
570
574
317
318
322
677
319
320
512
517
674
668
614
683
671
669
676
679
680
125
526
519
549
672
665
659
684
686
670
537
675
667
664
663
662
658
518
515
531
688
681
657
660
673
590
521
687
685
682
678
666
578
617
661
113
503
71
142
143
145
146
148
149
150
151
164
167
166
168
136
137
138
139
140
141
129
130
132
133
134
135
127
128
689
98
316
306
425
445
446
1835
1833
1834
1831
1838
1830
1837
1832
1829
1836
1823
1819
1821
1827
1809
1824
1825
1804
1805
1811
1810
1828
1814
1806
1818
1822
1816
1812
1820
1826
1817
1815
1808
1813
1807
1844
1843
1841
1842
1840
1839
1803
1845
1856
1854
1846
1855
1857
1852
1851
1853
1848
1847
1850
1849
1872
1863
1873
1858
1868
1864
1860
1861
1867
1859
1870
1862
1865
1869
1871
1866
1874
1875
1876
1877
1878
1879
1880
1881
1882
1883
1884
1885
1886
1887
1888
1889
1890
1891
1892
1893
1894
1895
1896
1897
1898
1899
1900
1901
1902
1903
1904
1905
1906
1907
1908
1909
1910
1911
1912
1913
1914
1915
1916
1917
1918
1919
1920
1921
1922
1923
1924
1925
1926
1927
1928
1929
1930
1943
1941
1931
1936
1939
1937
1932
1934
1942
1944
1935
1933
1940
1938
1959
1961
1962
1968
1965
1978
2015
2007
2013
1992
1973
1996
1949
2005
2006
1951
1946
1947
1955
1977
1976
1993
2000
2010
2012
2014
2016
2002
1975
2003
2008
2009
1995
1979
1945
1956
2001
1948
1989
1994
1990
1953
1960
1957
1964
1969
2011
1970
1963
1971
1972
1997
1966
2004
1950
1998
1999
1983
1967
1991
1954
1958
1982
1952
1974
1981
1988
1980
2352
2595
2144
2128
2332
2335
2339
2342
2307
2428
2140
2139
2312
2316
2318
2321
2154
2302
2300
2299
2298
2297
2247
2248
2250
2251
2598
2597
2596
2594
2580
2295
2293
2292
2290
2289
2252
2253
2255
2256
2257
2490
2491
2492
2493
2495
2265
2264
2285
2283
2282
2193
2192
2190
2191
2189
2568
2569
2570
2571
2531
2281
2280
2279
2277
2276
2418
2417
2416
2415
2414
2413
2365
2363
2362
2361
2360
2359
2356
2355
2353
2534
2581
2583
2584
2585
2166
2185
2182
2176
2174
2523
2373
2374
2375
2376
2258
2259
2260
2261
2420
2421
2422
2424
2425
2275
2273
2328
2333
2467
2466
2465
2464
2463
2496
2498
2499
2500
2546
2461
2460
2459
2458
2457
2586
2590
2591
2592
2399
2162
2160
2156
2170
2161
2477
2482
2481
2480
2479
2334
2336
2340
2456
2455
2454
2453
2451
2427
2351
2349
2133
2377
2378
2379
2380
2508
2263
2204
2203
2201
2131
2130
2129
2372
2371
2510
2511
2513
2514
2515
2516
2517
2518
2520
2521
2200
2199
2198
2197
2530
2369
2368
2367
2366
2212
2168
2127
2149
2141
2145
2137
2341
2528
2527
2449
2448
2447
2446
2444
2429
2474
2473
2471
2478
2434
2433
2432
2431
2157
2171
2173
2167
2165
2143
2211
2213
2209
2544
2543
2526
2525
2524
2148
2136
2126
2217
2216
2214
2221
2219
2218
2220
2223
2222
2407
2411
2224
2142
2615
2616
2614
2350
2409
2408
2605
2542
2541
2540
2538
2537
2536
2539
2364
2181
2357
2601
2296
2497
2423
2506
2254
2244
2249
2202
2555
2226
2271
2582
2404
2180
2262
2562
2231
2175
2494
2329
2188
2545
2179
2405
2169
2278
2443
2430
2158
2288
2567
2462
2468
2452
2450
2612
2483
2576
2132
2593
2512
2215
2509
2412
2208
2549
2294
2475
2284
2519
2163
2210
2337
2587
2234
2135
2310
2419
2304
2529
2470
2370
2225
2227
2311
2309
2313
2314
2442
2560
2559
2558
2557
2501
2502
2503
2504
2505
2469
2441
2440
2439
2438
2159
2155
2186
2184
2178
2410
2406
2403
2402
2401
2228
2229
2230
2232
2233
2315
2317
2556
2554
2553
2552
2551
2319
2323
2326
2550
2547
2487
2488
2489
2437
2436
2435
2476
2535
2172
2164
2187
2183
2604
2603
2602
2600
2599
2177
2507
2579
2578
2577
2574
2548
2354
2235
2236
2237
2238
2239
2613
2611
2610
2609
2607
2573
2572
2563
2564
2565
2400
2205
2306
2305
2303
2240
2241
2242
2243
2246
2522
2272
2270
2267
2266
2532
2533
2196
2195
2194
2287
2268
2269
2286
2134
2308
2151
2147
2274
2348
2327
2343
2345
2344
2301
2331
2330
2486
2485
2484
2381
2382
2383
2384
2385
2386
2387
2388
2389
2390
2391
2392
2393
2394
2395
2396
2397
2398
2325
2472
2575
2322
2561
2588
2589
2291
2153
2152
2206
2207
2338
2150
2138
2346
2347
2324
2426
2358
2606
2320
2445
2245
2146
2566
2608
2082
2061
2092
2064
2059
2119
2075
2077
2120
2085
2086
2121
2081
2036
2028
2023
2100
2113
2118
2125
2087
2054
2097
2099
2117
2105
2056
2111
2031
2053
2116
2021
2022
2046
2047
2049
2052
2017
2020
2030
2074
2088
2096
2095
2057
2025
2024
2027
2032
2033
2034
2035
2037
2038
2039
2040
2045
2051
2055
2068
2090
2093
2072
2071
2106
2080
2070
2078
2102
2043
2123
2108
2109
2091
2112
2026
2044
2050
2076
2103
2019
2084
2066
2107
2079
2060
2089
2083
2124
2062
2065
2104
2029
2073
2101
2063
2114
2115
2069
2041
2042
2098
2122
2110
2094
2067
2018
2058
2048
2817
2882
2883
2913
2915
2680
2775
2782
2742
2743
2745
2746
2747
2749
2750
2751
2758
2759
2890
2735
2884
2726
2710
2760
2761
2762
2763
2765
2895
2902
2903
2904
2905
2860
2861
2862
2879
2821
2823
2825
2783
2630
2656
2684
2685
2686
2658
2660
2661
2662
2664
2665
2666
2667
2673
2674
2793
2794
2795
2796
2798
2675
2676
2677
2678
2679
2785
2786
2787
2788
2789
2687
2688
2689
2690
2691
2880
2891
2867
2868
2869
2870
2872
2873
2876
2790
2791
2792
2828
2829
2682
2683
2695
2696
2799
2802
2803
2805
2806
2807
2808
2811
2812
2813
2698
2699
2701
2702
2703
2672
2670
2704
2705
2707
2709
2712
2830
2831
2833
2834
2835
2713
2714
2715
2717
2718
2908
2911
2914
2916
2919
2719
2720
2722
2723
2724
2728
2730
2733
2734
2896
2899
2901
2708
2900
2744
2797
2757
2894
2863
2706
2832
2668
2697
2827
2822
2681
2846
2773
2657
2663
2727
2655
2875
2771
2878
2922
2732
2840
2804
2810
2716
2858
2784
2820
2764
2917
2700
2721
2748
2838
2736
2737
2767
2768
2770
2836
2839
2841
2842
2843
2814
2815
2816
2818
2819
2618
2625
2628
2629
2772
2774
2780
2741
2844
2845
2847
2849
2850
2854
2855
2856
2857
2859
2752
2889
2888
2920
2921
2924
2892
2893
2837
2725
2692
2693
2694
2731
2824
2624
2617
2623
2885
2671
2887
2886
2729
2937
2933
2932
2930
2931
2881
2740
2925
2923
2929
2926
2927
2928
2753
2909
2910
2800
2801
2874
2776
2936
2946
2944
2934
2631
2632
2633
2634
2635
2636
2637
2638
2639
2640
2641
2642
2643
2644
2645
2646
2647
2648
2649
2650
2651
2652
2653
2654
2912
2938
2777
2939
2940
2897
2941
2935
2781
2754
2669
2766
2756
2779
2739
2943
2942
2877
2626
2627
2620
2898
2907
2906
2945
2619
2622
2621
2871
2864
2866
2865
2851
2852
2853
2711
2809
2918
2738
2778
2826
2755
2659
2848
2769
3069
3222
3203
3205
3062
3162
3164
3187
3011
3101
2951
3157
3087
3125
3124
2959
3123
3067
2956
3091
3013
3071
3070
3007
3225
3226
3008
3108
2952
3130
3248
3057
3056
3059
3055
3156
3014
2998
3194
3143
3132
3260
3133
3127
3251
3257
3122
3026
3119
3120
3208
3065
3241
3183
3190
3154
3155
3128
3262
3192
3258
3028
3045
3166
3171
2995
3161
3036
2963
2953
2948
2962
2966
3031
2985
3236
3002
2947
3233
2986
3234
3169
3149
2957
3200
2965
2971
2973
2977
2979
2983
3191
3196
3170
2980
2987
2994
3003
3004
3006
3010
3019
3021
3025
3030
3037
3038
3043
3047
3050
3052
3060
3063
3072
3135
3085
3086
3136
3159
3165
3167
3168
3173
3174
3176
3179
3185
3188
3189
3206
3207
3209
3211
3215
3214
3219
3218
3216
3256
3250
3227
3229
3230
3238
3240
3242
3243
3247
3249
3224
3153
2988
2991
2955
2989
2950
3210
3199
3246
3232
3023
3202
3073
3152
3212
2996
3197
2992
3005
3137
3239
2949
2960
3158
2999
3000
3032
3009
3024
3184
3181
3001
3151
2972
3274
3273
3267
3271
3266
3265
3270
3272
3223
3254
3182
3033
3193
3140
3068
2968
3048
2961
3269
3160
3042
3049
3041
3029
3201
3198
3180
3092
3081
2984
3253
3020
3237
3255
3144
3141
3046
3015
2990
2974
3102
3220
3175
3178
3213
3231
3245
3103
3100
3097
3077
3080
3082
3083
3084
3096
3244
3078
3098
2993
2978
3105
3076
3075
3112
3113
3104
3088
3053
3054
3118
3089
3090
3252
3121
2997
3263
3066
3261
3186
3044
3228
3163
3109
3114
3111
3110
3146
2964
3093
3172
3148
3094
2970
3177
3051
3027
3147
3235
3126
3079
3035
3221
3217
3058
3129
3115
3116
3117
3095
2975
3040
3039
3016
3145
3204
3034
3195
2967
2981
3099
3012
3259
3106
2982
3061
3264
3064
3074
3138
3022
3150
3017
2958
2969
3018
3142
3268
2954
3107
3139
2976
3134
3131
3489
3280
3303
3390
3383
3434
3308
3432
3467
3429
3342
3337
3355
3488
3437
3451
3344
3350
3457
3335
3501
3288
3516
3343
3414
3374
3493
3377
3495
3373
3376
3388
3507
3326
3275
3394
3294
3293
3522
3283
3478
3276
3453
3384
3404
3514
3363
3506
3477
3464
3479
3468
3417
3418
3527
3526
3277
3529
3320
3466
3415
3524
3296
3515
3462
3518
3472
3474
3480
3421
3446
3400
3413
3519
3282
3284
3287
3286
3289
3291
3317
3422
3482
3330
3525
3531
3285
3395
3530
3321
3517
3318
3454
3420
3419
3498
3324
3508
3336
3316
3412
3354
3406
3509
3295
3297
3298
3302
3306
3312
3322
3319
3314
3323
3365
3366
3368
3367
3379
3381
3382
3385
3386
3387
3389
3511
3512
3499
3496
3484
3475
3463
3352
3402
3327
3410
3485
3470
3278
3440
3439
3521
3372
3307
3409
3325
3328
3441
3456
3331
3356
3407
3452
3503
3401
3450
3397
3428
3313
3345
3292
3520
3315
3486
3528
3371
3393
3392
3329
3405
3523
3442
3311
3408
3411
3458
3281
3431
3369
3370
3358
3430
3494
3469
3305
3380
3396
3391
3459
3487
3460
3309
3310
3504
3364
3399
3398
3353
3433
3476
3290
3497
3357
3427
3425
3334
3492
3500
3502
3338
3339
3491
3505
3447
3449
3448
3443
3362
3445
3444
3465
3435
3301
3300
3436
3490
3347
3346
3461
3359
3351
3532
3426
3481
3483
3455
3375
3438
3513
3361
3341
3424
3348
3360
3349
3333
3471
3473
3378
3416
3340
3423
3510
3332
3299
3304
3279
3403
3543
3968
3949
3950
3554
3555
3849
4065
3905
4000
4001
4062
3973
4155
3568
4284
3884
4146
4080
4225
4226
4227
4136
4137
3717
3718
3722
3724
3725
4053
4054
4055
4056
4057
3799
3800
3791
3824
3825
4138
4139
4141
4142
3768
3720
4126
3766
3760
4066
4067
4082
4083
4283
4295
4274
3867
3865
4105
4106
4107
4108
4109
3669
3762
3761
3767
3673
4084
4085
4086
4087
4089
3672
3674
3677
3676
3967
4090
4116
4117
4118
3966
3965
3964
3963
3962
4121
4123
4124
4125
3995
3996
3997
3998
4002
3869
3960
3959
3666
4127
4129
4130
4131
4132
4003
4005
4007
4008
4009
3806
3807
3808
3810
3816
4168
4169
4170
4173
3668
3671
3670
3697
3704
4133
4134
4156
4157
4158
4011
4012
4013
4014
4015
4110
4111
4112
4113
4114
3841
3858
3866
3864
3873
3726
3736
3737
3739
3817
3818
3859
3854
3852
3840
3839
3872
3875
3877
4270
4267
4266
4262
4259
3699
3698
3701
3702
3743
4159
4160
4161
4163
4164
3969
3970
3971
3972
3974
4174
4175
4177
4179
4180
3549
3693
4242
4294
3837
4275
4143
4144
4145
4181
4182
4183
4184
4092
3545
3546
3541
3539
3550
3548
3951
3750
3779
3780
3744
4152
4153
4185
4191
4193
3538
3534
3537
3536
3535
3542
3983
3985
3773
3774
3775
3777
4194
4195
4197
4198
4199
3975
3979
3980
3982
4017
4256
4255
4254
4253
4252
3833
3831
3835
3836
3787
3881
3882
3862
3838
3748
3751
3752
3753
3754
4200
4201
4229
4230
4231
4019
4018
4020
4022
4023
3848
3821
3855
3853
3847
3756
3757
3771
3735
3733
3730
4232
4233
4234
4235
4236
4024
4026
4028
4029
4030
3732
3745
3708
3713
4238
4203
4204
4205
4032
4034
4035
4036
4037
3707
4299
3778
4298
3781
3746
4307
3619
3622
3621
3624
3623
3628
3627
3583
3581
3620
3571
3625
3941
3942
3943
3944
3945
3946
3933
3934
3935
3936
3937
3939
3926
3927
3928
3929
3931
3932
3919
3920
3921
3922
3923
3924
3925
3914
3915
3916
3917
3908
3909
3910
3947
3938
3930
3913
3918
3911
3577
3575
3572
3574
3907
3904
3552
3563
3582
3579
3576
3559
3626
3580
3578
3556
3558
3557
3567
3553
3789
3940
3812
3630
3629
4308
3570
4280
3903
3566
4304
3694
3658
3764
3653
3656
3654
4286
3649
3650
3651
3652
3633
3655
3811
3695
3891
4273
3890
3896
3665
3897
3899
3902
3898
3660
3659
3901
4296
4277
3876
3843
3844
3846
3850
3857
3586
3648
3647
3646
3605
3749
3731
3608
3607
3606
3618
3617
3616
3603
3602
3598
3596
3595
3610
3590
3591
3589
3588
3594
3593
3592
3615
3599
3614
3613
3612
3611
3609
3712
3711
3710
3705
3728
3747
3772
3770
3709
3706
3644
3734
3727
3758
3755
3643
3642
3641
3640
3639
3638
3637
3636
3635
3870
3868
4202
3871
4115
4258
3667
4196
4167
4140
4101
3978
4033
3769
4260
3834
4128
3700
3830
3878
3879
4261
4021
3675
4165
3776
3961
4016
4104
3999
4122
3738
3544
4039
4051
4031
4093
4074
3719
3723
4064
4006
3990
3683
4178
4010
4271
3533
4088
3547
4228
4042
4151
4207
3809
3863
4222
3952
4047
4172
4162
4237
3759
4216
3679
3851
4154
3801
3692
3798
3587
3597
3585
4135
3634
3696
4300
4278
3562
3797
3958
3551
3564
3565
4293
4297
4240
3645
3729
4206
4208
4209
4210
4211
4038
4069
4070
4071
4072
4251
4250
4249
4248
4247
3845
3842
3880
3883
3874
3561
3788
3678
3680
3681
3682
4073
4075
4076
4077
4078
4292
3820
3953
3822
3823
4095
4096
4097
4212
4213
4215
4217
4218
4263
4264
4265
4257
4282
4239
4281
4279
4276
3685
3686
3687
3688
3689
4079
4040
4041
4043
4044
3957
3956
3955
3954
3690
3691
3714
3715
3716
4045
4046
4048
4049
4050
3790
3793
3794
3795
3796
4098
4099
4100
4103
3740
3741
3742
4148
3856
4058
4059
4060
4061
4063
3826
3827
3828
3829
3832
3986
3991
3992
3993
3994
3819
3802
3803
3804
3805
4219
4220
4221
4223
4224
4091
4094
3813
3657
3569
3631
4285
4306
4287
3900
3906
3815
3893
4004
3892
4272
3912
4305
4303
3894
3889
4246
4290
3661
3662
4244
4245
3888
3886
3895
4302
3885
4268
4288
4289
4291
4166
3887
4309
4025
3763
3984
4027
3765
3861
3573
3663
4301
3785
3784
3783
3786
4102
3604
3664
3601
3976
3977
3987
3988
3989
4119
4120
4081
4068
4243
4171
4149
4147
4150
3540
3782
3981
3792
4052
3632
3703
3814
4241
3948
4214
3860
3560
3600
3721
3684
4176
4269
3584
4186
4187
4188
4189
4190
4192
4360
4310
4334
4326
4358
4348
4312
4336
4317
4311
4314
4323
4322
4324
4325
4329
4335
4338
4339
4340
4342
4343
4344
4351
4352
4353
4355
4356
4315
4359
4332
4321
4327
4328
4341
4316
4330
4345
4357
4320
4319
4354
4331
4313
4318
4333
4337
4347
4349
4350
4346
4361
4363
4364
4365
4366
4367
4368
4369
4370
4371
4372
4373
4374
4375
4376
4377
4378
4379
4380
4381
4382
4383
4384
4385
4386
4443
4456
4457
4444
4455
4447
4436
4440
4441
4445
4448
4451
4454
4446
4434
4459
4453
4435
4432
4438
4433
4450
4431
4437
4449
4442
4452
4430
4429
4458
4415
4425
4419
4424
4403
4421
4420
4428
4410
4405
4423
4427
4387
4388
4397
4414
4408
4411
4402
4426
4407
4393
4389
4390
4398
4404
4396
4399
4409
4413
4412
4392
4391
4406
4395
4394
4416
4418
4401
4422
4417
4400
4496
4515
4497
4476
4517
4512
4462
4466
4482
4514
4463
4511
4498
4473
4494
4489
4516
4487
4461
4465
4471
4472
4474
4475
4479
4483
4506
4509
4510
4518
4490
4488
4467
4508
4493
4477
4478
4491
4485
4505
4513
4484
4503
4470
4486
4469
4502
4507
4480
4499
4460
4492
4500
4481
4495
4501
4504
4464
4468
4519
4524
4523
4536
4533
4532
4520
4537
4529
4525
4526
4535
4534
4527
4531
4530
4522
4528
4521
4547
4546
4539
4538
4548
4544
4542
4540
4549
4543
4545
4541
75
46
91
10
85
100
77
15
78
41
90
45
94
103
63
104
101
102
99
98
110
76
33
61
117
53
54
118
14
1
3
17
31
7
24
26
40
30
43
44
49
52
56
67
68
73
74
80
84
107
106
119
28
20
9
50
22
32
55
11
4
6
13
39
38
59
12
116
23
109
35
111
112
36
37
113
71
87
82
29
70
120
69
51
2
83
89
81
79
65
92
64
86
8
96
95
105
16
115
88
57
19
72
34
62
66
97
18
47
93
27
60
42
5
21
48
108
114
25
212
209
205
202
189
200
204
207
191
206
181
210
180
183
199
197
196
193
192
194
195
201
208
211
182
203
190
198
179
184
186
185
187
188
152
171
155
163
164
166
153
151
157
159
169
154
162
170
156
175
174
161
167
168
172
158
178
176
173
149
177
147
160
148
165
140
129
125
127
128
145
126
123
144
124
121
122
130
135
131
146
143
136
137
141
138
142
132
133
139
134
217
219
213
215
214
216
218
220
221
222
243
244
224
252
263
245
253
234
258
240
225
223
226
227
228
233
237
246
248
249
255
265
256
262
238
257
242
247
236
261
239
231
230
241
232
251
254
260
229
264
250
235
259
268
275
276
273
269
266
277
270
272
271
274
278
279
281
282
283
287
288
286
285
280
284
267
289
290
291
292
293
294
295
296
297
298
304
312
310
314
307
318
309
306
299
315
316
300
319
301
317
302
303
308
311
320
321
305
313
323
322
355
371
335
340
395
336
329
389
379
399
372
348
392
391
325
351
360
406
383
387
366
413
364
412
365
354
410
377
363
408
368
407
394
381
367
397
361
402
324
344
350
352
404
398
393
386
359
390
362
376
346
331
400
415
396
357
356
326
375
373
345
409
380
401
358
330
374
388
369
339
334
411
378
343
333
332
341
405
382
347
414
403
370
342
327
328
384
385
349
337
417
416
442
471
443
418
446
470
463
461
441
440
453
467
455
458
425
464
445
419
420
421
422
423
424
428
426
429
433
435
438
466
469
437
454
431
452
465
447
427
444
460
432
456
459
472
449
439
451
457
468
448
430
434
462
436
450
473
476
474
475
430
434
462
436
450
562
549
538
580
581
568
546
557
579
532
477
547
550
551
560
564
566
569
571
572
575
578
570
558
535
582
577
542
559
536
554
565
563
555
574
553
561
530
573
567
534
576
478
541
540
556
552
537
544
548
583
545
539
543
533
531
502
494
517
522
480
515
528
508
485
479
482
491
490
492
493
497
506
510
511
512
516
523
524
525
529
483
501
500
489
495
496
513
484
498
488
526
487
520
499
507
481
486
505
527
518
504
521
519
509
514
503
585
584
616
611
603
600
612
620
627
602
622
614
621
586
625
619
626
597
610
598
605
615
607
588
594
589
624
599
606
609
608
601
593
596
595
592
591
604
613
590
617
587
618
623
628
629
630
631
632
633
634
635
636
637
638
639
640
641
642
643
644
645
646
647
648
649
650
651
652
653
654
655
656
657
658
659
660
661
662
663
664
665
666
667
668
669
670
671
672
673
674
675
676
677
678
697
701
695
680
685
689
691
679
694
693
700
699
696
688
686
682
683
681
692
698
690
687
684
711
712
707
704
713
709
710
708
702
703
705
706
714
716
715
718
720
721
717
719
722
723
724
725
726
727
728
729
730
731
732
733
734
735
736
737
738
739
740
741
742
743
744
745
746
747
748
749
750
751
752
753
754
755
756
757
758
759
760
761
762
763
764
765
766
767
769
770
771
772
773
774
775
776
777
778
779
1
2
3
4
5
6
7
8
9
10
11
13
14
15
16
17
18
19
20
21
22
23
24
25
26
27
28
29
30
31
32
33
34
35
36
37
38
39
40
41
42
43
44
45
46
47
48
49
50
51
52
53
54
55
56
57
58
59
60
61
62
63
64
65
66
67
68
69
70
71
72
73
74
75
76
77
78
79
80
81
85
87
84
83
89
86
82
88
166
93
131
128
160
100
174
109
90
204
148
132
121
197
196
191
185
187
137
146
127
190
154
118
150
94
101
106
143
116
95
125
91
99
105
110
111
115
122
136
158
159
123
172
195
114
96
135
124
126
130
129
201
200
205
155
103
151
140
161
108
134
145
102
202
179
178
169
167
170
177
180
117
112
141
142
168
139
183
189
173
149
147
164
192
186
182
193
175
120
138
188
107
203
119
184
104
153
144
98
171
113
176
162
163
92
194
133
199
97
181
198
253
278
288
264
258
285
255
253
269
253
278
260
253
278
288
264
258
285
255
269
260
267
274
256
266
276
280
283
282
287
290
291
293
295
296
294
286
252
279
297
254
289
272
275
271
263
261
262
281
284
265
257
259
273
250
292
268
249
277
251
392
319
408
342
346
343
335
417
409
375
353
361
363
330
298
357
389
397
376
420
403
379
326
401
421
374
373
402
391
381
310
413
400
301
302
304
323
358
405
309
324
415
404
366
322
372
399
308
311
313
314
315
325
327
349
350
388
390
368
371
365
359
396
398
299
412
378
352
318
328
337
382
321
307
306
394
393
332
380
411
320
300
410
351
339
303
364
383
362
418
395
367
336
305
407
385
341
345
369
386
370
414
377
348
387
344
338
316
317
419
416
360
384
329
406
347
333
334
355
356
354
340
312
236
231
223
218
232
240
248
222
243
234
241
246
239
221
247
220
215
230
216
225
235
227
206
207
213
245
217
226
229
228
242
219
210
214
212
211
209
224
233
208
237
238
244
424
425
427
423
426
428
429
430
422
445
442
467
490
436
469
477
455
478
471
475
485
462
473
488
459
432
434
435
437
439
440
443
444
431
446
447
449
482
480
483
487
448
438
463
464
491
460
476
486
456
441
452
454
450
472
468
489
458
481
484
461
451
470
474
465
466
457
433
494
508
495
496
499
505
497
504
502
501
500
507
498
493
506
503
492
509
510
511
515
516
512
513
514
529
517
519
520
521
523
524
525
522
526
518
528
530
531
527
532
533
534
535
536
537
539
538
540
543
541
542
573
553
555
579
581
584
548
549
587
544
559
560
561
590
578
582
580
591
550
545
592
575
547
571
563
567
585
562
589
564
588
570
574
554
565
569
557
552
566
576
586
568
551
558
577
583
572
556
546
613
602
608
599
604
597
601
605
593
611
603
594
609
600
614
595
598
615
612
610
606
607
596
618
619
624
621
620
617
616
622
623
625
626
627
628
629
630
631
632
633
634
