1
2
3
4
5
6
11
8
9
13
14
12
7
15
16
20
17
21
19
22
18
23
24
25
38
30
44
46
37
35
33
26
40
41
39
28
45
27
31
36
47
49
48
51
53
52
54
50
55
57
56
58
59
61
71
67
70
66
60
69
63
68
62
72
65
64
73
74
75
76
77
78
79
80
81
82
83
84
85
86
87
88
89
90
91
92
93
94
95
96
97
98
99
100
101
102
103
104
105
106
107
108
109
110
111
112
113
114
115
116
117
118
119
120
121
122
123
124
125
126
127
130
128
131
132
133
134
135
136
137
138
141
139
143
142
140
144
145
146
159
157
165
148
147
153
161
164
155
156
181
179
175
177
185
188
170
173
174
186
201
206
214
208
200
202
203
211
215
216
217
184
222
178
166
220
195
209
210
194
176
213
182
172
163
162
150
160
152
154
223
151
197
190
218
219
183
221
171
180
187
193
205
204
167
168
158
169
212
192
198
199
191
207
196
149
224
225
226
227
228
229
230
231
232
233
234
235
236
237
238
239
240
241
242
243
244
245
246
247
250
252
249
251
248
253
254
255
256
257
258
259
260
261
262
263
264
265
266
267
268
269
272
271
270
273
274
275
276
277
278
279
280
281
282
283
284
285
286
287
288
289
290
291
292
294
295
293
296
298
297
299
300
304
301
302
303
306
307
305
308
309
311
310
312
313
314
315
316
317
318
319
320
321
322
323
324
330
325
334
329
327
328
326
331
332
333
335
336
337
338
339
340
341
342
343
344
346
345
348
347
351
356
363
353
357
358
354
362
352
355
351
356
363
353
357
358
354
362
352
355
350
360
361
349
359
364
365
366
367
368
369
370
371
372
373
374
375
376
377
378
379
380
381
382
383
384
385
386
387
388
389
390
391
392
393
394
395
396
397
398
399
400
401
402
403
404
405
406
407
408
1
2
4
5
6
7
8
9
10
11
12
13
14
15
25
22
41
16
24
20
23
18
17
21
19
38
39
32
34
33
40
28
30
36
37
35
31
29
27
26
71
164
72
104
182
194
47
85
45
106
177
184
183
86
185
65
160
141
165
137
68
110
73
122
155
75
67
119
196
199
200
152
163
162
111
112
161
169
96
92
84
101
99
108
66
154
167
166
172
206
117
63
94
113
205
207
203
198
204
174
175
126
188
191
121
186
128
109
178
208
187
193
150
118
44
48
56
53
192
76
50
83
103
91
78
80
87
151
133
135
136
139
145
142
130
132
134
143
140
131
148
90
105
61
149
201
64
49
54
89
51
100
127
98
88
107
43
168
62
81
124
176
202
114
179
180
157
171
82
115
93
156
158
146
57
59
147
46
102
58
42
170
173
190
74
77
79
195
159
120
116
138
60
95
123
69
70
97
153
52
125
189
181
209
55
144
129
252
210
230
216
249
242
240
232
243
239
226
224
229
244
247
245
246
235
228
227
225
238
237
236
220
218
221
233
223
211
222
231
213
215
253
254
255
250
258
251
257
219
256
241
259
212
248
214
217
313
274
270
298
277
307
302
325
341
334
322
366
287
291
311
312
317
296
299
369
321
304
266
289
344
362
286
284
319
318
386
267
368
378
351
357
376
348
264
352
281
268
349
360
356
309
308
364
371
283
327
353
315
278
285
280
389
346
345
365
288
273
279
347
295
350
272
314
375
373
355
380
342
363
372
269
282
276
361
367
370
388
292
303
262
300
297
271
320
379
358
326
293
301
333
290
275
263
294
343
265
330
335
331
340
339
338
332
323
324
336
337
374
377
381
382
383
384
359
385
387
310
306
305
429
399
454
452
406
467
462
398
450
455
456
425
430
405
426
424
463
422
394
427
391
470
418
434
428
395
412
417
432
431
413
476
474
392
475
436
437
444
460
446
447
457
466
421
448
393
465
390
396
400
403
408
411
402
410
409
407
404
397
401
471
469
433
472
453
435
423
477
438
464
439
416
445
419
451
414
461
415
468
420
449
459
568
484
496
581
582
528
542
525
481
483
540
611
478
574
607
617
622
479
480
591
509
531
624
536
595
577
583
499
584
576
589
592
495
497
619
616
620
623
569
575
488
493
494
561
559
519
503
534
523
513
572
556
502
520
510
606
598
625
604
600
558
553
560
555
626
567
527
500
597
539
543
554
505
551
535
548
588
507
522
614
612
545
487
486
601
599
613
603
608
602
566
482
618
498
573
544
532
533
549
521
524
621
557
547
530
610
538
506
585
491
571
492
596
605
615
485
594
590
526
504
609
512
586
552
563
541
562
537
508
501
578
570
529
564
565
490
511
579
580
587
518
546
489
550
593
658
633
634
640
635
636
701
702
666
667
642
705
639
678
677
695
698
697
643
659
651
656
675
641
699
694
650
649
646
647
648
704
703
700
660
668
669
671
652
653
706
654
662
679
645
661
657
696
655
708
637
686
692
681
690
683
664
629
682
685
628
684
680
632
689
693
688
670
644
687
707
691
673
665
674
672
676
638
631
630
663
735
747
731
730
750
739
738
737
720
712
743
724
709
734
736
746
742
732
728
726
753
740
749
744
748
723
725
733
718
711
727
710
722
717
729
754
751
745
752
741
719
721
716
713
715
714
777
785
755
770
766
781
780
773
772
764
783
784
782
776
775
778
757
774
759
765
783
784
782
776
775
778
757
774
759
765
769
756
758
762
763
761
771
768
760
779
