1
2
3
4
5
6
7
8
9
10
11
12
13
14
15
16
17
18
19
20
21
22
23
24
25
26
28
27
29
30
31
32
34
33
35
36
37
38
39
40
41
42
43
44
45
46
47
48
49
50
51
52
53
54
55
56
57
58
59
60
61
62
63
64
65
66
67
68
69
70
71
72
73
74
75
76
77
78
79
80
1024
867
162
1075
841
263
268
267
861
1082
261
1093
172
285
120
848
774
777
770
574
555
775
598
429
766
911
561
950
951
733
555
775
598
429
766
911
561
950
951
733
562
451
450
852
511
405
631
632
143
144
412
708
438
425
523
720
764
431
533
512
393
520
593
592
591
1090
1089
447
454
417
393
520
593
592
591
1090
1089
447
454
417
393
520
593
592
591
1090
1089
447
416
544
526
430
446
763
760
479
1179
1185
554
737
961
497
582
404
379
773
337
606
465
776
423
157
273
469
470
1057
1058
435
762
170
624
575
496
495
590
589
440
464
820
817
712
710
1154
1155
758
321
121
1123
1095
580
147
392
613
614
610
605
385
730
968
1164
509
508
510
531
557
556
442
1065
587
471
117
116
118
1059
1041
1040
1039
711
709
288
930
876
919
846
925
845
1165
1157
186
815
1156
1076
1086
359
857
1068
924
914
1069
307
1153
346
1111
1066
1118
1167
928
1085
890
247
895
1067
199
302
831
918
915
1175
1159
355
1176
1038
1161
917
856
939
1113
940
902
369
1144
280
219
853
362
312
366
851
854
1172
1174
903
345
888
1160
1087
1186
185
830
1104
343
347
912
894
891
325
1145
906
941
254
893
943
241
905
859
896
938
937
1070
308
233
1081
84
85
88
90
292
293
294
297
83
283
284
286
287
291
236
269
271
272
282
235
240
239
238
237
246
230
231
245
244
256
255
220
221
227
210
215
216
258
218
257
208
211
1073
1079
1080
1084
195
183
182
181
1072
204
200
198
197
222
313
364
309
1109
327
328
301
360
318
1114
331
322
1110
1124
1128
1126
311
1117
299
1130
1127
353
1136
304
303
1132
1141
1102
1106
367
1116
1121
250
885
206
931
163
223
166
171
178
177
167
168
169
933
175
174
161
179
249
248
253
252
224
226
324
314
201
1133
1115
1140
887
184
847
317
872
342
1139
936
358
868
874
826
836
821
899
813
837
840
825
842
339
225
839
900
827
1103
812
187
849
869
926
1122
806
862
808
1142
850
855
829
214
1083
176
320
1189
264
196
1178
934
158
1119
370
904
1129
205
300
1138
326
265
259
901
232
251
935
316
242
927
1137
330
332
365
295
907
87
908
1163
173
923
363
289
228
323
336
341
351
305
1168
1120
814
1148
858
835
340
834
916
1166
542
140
805
816
380
156
913
150
1149
622
1187
1150
319
833
878
1100
1105
1134
152
151
1131
315
1162
1108
1107
1097
1098
333
1035
1013
1099
1171
164
892
149
1092
1158
1096
824
142
1034
1025
1190
1146
212
141
1091
92
1017
843
1019
690
1037
357
148
335
811
1135
844
1016
828
983
361
1088
207
209
1049
1036
1028
1027
1015
527
418
459
381
783
675
676
947
540
513
620
609
428
277
276
274
275
278
279
427
607
740
356
650
647
809
661
696
882
798
93
137
136
487
883
636
743
978
677
484
481
507
724
725
726
669
394
298
692
492
493
687
691
689
494
714
1002
1003
472
243
685
524
525
119
110
749
755
761
480
666
94
95
96
439
505
638
138
139
670
672
771
736
729
571
579
486
485
633
723
722
1055
1046
889
1169
1045
1032
1044
344
1053
962
959
946
966
980
960
977
329
823
1011
229
386
704
702
390
748
660
396
567
568
569
558
658
154
234
503
504
699
642
679
641
678
682
651
643
403
426
1147
717
716
634
371
372
373
374
375
376
996
608
804
585
795
1033
987
988
715
637
800
792
502
499
500
1060
1063
586
445
684
788
787
786
784
785
884
954
1014
807
125
131
368
1151
818
819
942
873
965
601
838
114
115
623
864
1031
997
1043
630
719
789
772
626
627
628
629
625
929
1018
932
578
779
655
663
583
600
99
570
713
898
452
453
109
400
866
732
797
466
467
468
421
422
897
517
518
519
516
515
514
635
793
799
383
1078
796
89
958
728
662
744
413
695
668
657
768
794
767
581
654
594
782
707
698
694
727
750
751
754
747
752
746
753
759
738
745
681
639
665
741
742
565
617
616
1188
765
769
683
649
551
618
739
693
648
646
656
680
645
1184
1180
1183
104
640
112
113
111
126
127
101
100
102
103
105
106
107
108
377
378
552
553
756
757
1071
644
998
999
596
597
213
701
697
703
706
671
506
731
780
781
584
721
1061
1062
1064
801
802
803
985
1048
1181
1182
952
659
460
461
463
674
778
1191
599
705
98
354
521
522
790
123
128
490
577
433
432
434
436
700
791
1077
576
130
124
1152
134
135
688
673
488
489
491
976
482
477
483
870
871
1112
97
652
653
529
595
401
86
189
188
190
501
982
992
993
994
1001
734
735
974
981
984
986
989
990
991
970
971
972
1005
1006
1007
1009
398
667
995
621
686
832
718
619
953
955
956
957
409
566
664
1173
350
334
1042
949
963
1021
266
191
922
920
921
202
203
155
270
348
349
1074
1022
1051
863
1020
1047
1052
860
886
973
1101
1030
1050
944
146
1094
1054
1029
1056
260
310
296
1170
165
159
160
306
879
880
290
132
1026
133
945
122
948
473
475
407
406
408
410
560
563
382
541
559
444
414
402
543
192
193
194
534
535
391
449
448
498
865
545
537
536
550
549
548
547
546
457
129
881
387
384
528
532
588
1023
1012
1004
153
455
456
411
415
539
352
967
91
969
530
1000
420
462
975
875
1177
217
572
399
474
338
877
964
822
476
602
603
604
458
1125
424
180
538
810
395
979
611
612
1008
1010
389
441
419
397
909
910
281
262
443
573
437
388
564
615
478
145
1143
1193
1192
1194
1195
1197
1198
1199
1200
1201
1202
1203
1204
1205
1206
1207
1208
1209
1210
1211
1212
1213
1217
1216
1215
1222
1225
1223
1224
1220
1221
1219
1214
1218
1226
1233
1230
1228
1227
1231
1232
1229
1234
1235
1238
1241
1240
1237
1239
1236
1242
1243
1244
1245
1246
1259
1258
1254
1251
1252
1250
1249
1253
1247
1256
1248
1255
1257
1262
1265
1266
1267
1264
1269
1260
1268
1261
1263
1270
1272
1271
1273
1278
1279
1292
1286
1294
1282
1305
1283
1281
1295
1301
1274
1306
1297
1296
1289
1298
1293
1300
1280
1299
1291
1304
1276
1303
1287
1290
1288
1307
1275
1285
1277
1308
1284
1302
1310
1315
1311
1316
1318
1309
1314
1312
1317
1313
1319
1328
1324
1331
1322
1321
1326
1320
1323
1325
1330
1327
1329
1341
1337
1334
1333
1338
1339
1332
1336
1335
1340
1342
1352
1351
1348
1344
1347
1349
1350
1343
1346
1345
1353
1356
1355
1354
1357
1358
1359
1360
1361
1374
1384
1363
1364
1383
1365
1367
1366
1362
1372
1369
1381
1379
1378
1377
1371
1370
1373
1368
1376
1375
1385
1382
1380
1391
1393
1390
1392
1387
1389
1388
1386
1394
1395
1397
1396
1400
1401
1399
1402
1398
1403
1404
1
2
4
5
3
6
17
8
9
13
15
10
11
16
12
14
7
19
20
27
18
26
19
20
27
18
26
25
25
22
22
34
34
33
33
31
31
30
28
29
36
21
35
32
23
24
41
39
37
40
42
38
43
44
45
47
46
49
55
48
53
51
52
50
54
56
57
58
60
61
62
65
59
66
64
71
67
63
70
69
68
73
72
74
75
76
77
82
90
84
86
85
88
81
93
78
80
79
92
87
89
83
91
94
95
96
97
98
99
100
101
102
103
104
105
106
107
108
109
110
111
112
119
116
113
114
115
117
118
120
121
122
131
123
129
130
124
126
127
125
128
133
132
134
135
136
137
138
151
150
146
148
147
144
143
142
141
145
140
149
139
1
2
4
10
12
16
8
15
6
9
11
7
21
18
3
19
20
14
13
17
5
65
55
40
30
44
22
29
43
47
31
56
51
26
27
49
23
58
62
24
59
50
46
54
42
64
35
38
53
37
60
52
28
48
36
57
25
41
61
39
63
70
68
45
66
67
32
33
69
34
73
77
74
78
71
76
75
72
79
80
88
89
84
87
81
82
83
86
85
93
90
91
92
94
103
97
98
101
104
99
95
102
105
108
107
106
100
109
96
110
111
113
112
134
117
123
137
136
130
140
144
145
142
141
131
147
146
119
116
115
121
126
127
125
118
143
138
114
139
135
120
133
122
124
132
129
128
150
148
149
151
152
153
154
156
157
159
161
155
158
160
163
162
165
164
170
176
175
177
179
174
172
173
171
167
166
168
169
178
182
180
181
185
184
190
189
187
183
186
188
191
193
194
192
198
205
196
197
195
203
204
202
201
208
207
206
210
199
200
209
211
212
213
214
215
216
218
222
217
219
221
220
224
225
223
226
227
228
229
230
231
232
233
234
235
236
237
238
239
240
241
242
243
244
245
246
247
257
255
253
251
249
252
256
248
258
254
250
262
260
265
264
263
261
259
269
268
266
271
267
270
273
272
274
275
276
277
279
278
280
281
282
284
283
285
286
287
288
289
290
291
293
294
297
299
296
298
295
300
301
302
303
304
309
311
308
312
307
310
306
305
313
314
315
316
342
380
372
323
344
340
345
338
357
353
350
361
364
349
373
329
368
366
322
326
332
319
334
335
337
346
343
377
321
347
362
341
374
325
358
367
363
371
356
333
360
324
327
379
354
317
370
351
355
330
348
375
369
365
318
328
359
376
352
378
339
385
383
381
382
320
336
384
432
416
423
387
391
388
434
402
403
408
404
392
393
409
398
411
410
401
395
431
433
405
406
407
428
419
427
415
414
430
429
421
425
417
418
412
390
389
420
386
422
396
394
424
397
400
399
426
413
459
441
461
464
457
440
458
455
456
454
460
462
443
491
473
492
489
487
477
478
481
472
479
475
482
467
494
470
466
435
465
437
446
450
445
448
438
452
451
474
449
444
488
447
453
485
471
480
468
490
483
476
442
493
463
486
439
469
436
484
